7 0.155 0.208 0.31 0.127
0 0.402 0.261 0.179 0.065
0 0.372 0.238 0.163 0.06
0 0.343 0.207 0.042 0.017
5 0.978 0.211 0.044 0.084
5 0.937 0.463 0.126 0.095
7 0.825 0.324 0.081 0.097
7 0.694 0.234 0.431 0.16
7 0.884 0.322 0.131 0.129
7 0.861 0.464 0.16 0.162
7 0.719 0.404 0.204 0.346
7 0.963 0.052 0.073 0.103
7 0.524 0.117 0.939 0.233
1 0.128 0.084 0.122 0.037
1 0.262 0.116 0.169 0.094
7 0.163 0.336 0.326 0.42
1 0.355 0.493 0.591 0.457
1 0.368 0.427 0.531 0.31
0 0.13 0.62 0.068 0.043
1 0.653 0.77 0.338 0.313
5 0.929 0.13 0.051 0.069
0 0.524 0.442 0.127 0.058
