5 0.766 0.43 0.028 0.037
2 0.912 0.776 0.039 0.039
7 0.758 0.477 0.07 0.071
0 0.753 0.478 0.04 0.019
7 0.819 0.612 0.26 0.265
6 0.63 0.464 0.126 0.127
5 0.061 0.646 0.058 0.062
7 0.375 0.365 0.102 0.173
7 0.545 0.366 0.096 0.136
1 0.37 0.907 0.097 0.099
7 0.465 0.415 0.146 0.222
7 0.49 0.514 0.184 0.192
7 0.122 0.583 0.103 0.259
7 0.536 0.633 0.102 0.139
7 0.219 0.387 0.213 0.229
7 0.206 0.691 0.1 0.13
7 0.265 0.547 0.272 0.27
7 0.265 0.718 0.087 0.258
7 0.428 0.715 0.246 0.307
7 0.585 0.724 0.227 0.331
7 0.801 0.802 0.274 0.19
0 0.403 0.548 0.03 0.038
