7 0.541 0.325 0.479 0.328
7 0.268 0.464 0.352 0.268
1 0.636 0.57 0.479 0.308
7 0.111 0.65 0.222 0.51
1 0.318 0.713 0.516 0.374
5 0.803 0.48 0.137 0.098
1 0.723 0.476 0.256 0.118
1 0.566 0.439 0.178 0.137
5 0.659 0.397 0.129 0.134
1 0.589 0.477 0.199 0.079
1 0.572 0.498 0.134 0.064
1 0.602 0.527 0.145 0.07
1 0.632 0.545 0.089 0.036
1 0.621 0.563 0.061 0.035
1 0.72 0.535 0.102 0.028
1 0.68 0.556 0.082 0.03
1 0.661 0.599 0.079 0.079
1 0.731 0.574 0.194 0.132
1 0.659 0.587 0.433 0.208
7 0.576 0.797 0.19 0.23
5 0.371 0.611 0.062 0.041
0 0.445 0.658 0.12 0.065
0 0.262 0.664 0.057 0.047
0 0.373 0.658 0.213 0.062
0 0.372 0.672 0.115 0.047
0 0.319 0.75 0.296 0.147
1 0.427 0.671 0.089 0.055
4 0.278 0.709 0.228 0.057
