1 0.942 0.771 0.076 0.02
7 0.86 0.76 0.28 0.024
1 0.792 0.755 0.139 0.013
7 0.825 0.689 0.35 0.147
1 0.836 0.745 0.327 0.014
1 0.835 0.729 0.329 0.036
7 0.839 0.654 0.321 0.142
7 0.721 0.619 0.043 0.119
7 0.757 0.619 0.056 0.126
0 0.712 0.356 0.084 0.051
7 0.873 0.639 0.252 0.153
0 0.794 0.346 0.091 0.057
1 0.887 0.622 0.225 0.179
1 0.94 0.577 0.12 0.262
1 0.937 0.443 0.122 0.187
0 0.648 0.374 0.056 0.082
3 0.692 0.494 0.102 0.23
5 0.746 0.133 0.211 0.117
0 0.484 0.346 0.09 0.057
1 0.933 0.336 0.133 0.033
7 0.97 0.122 0.06 0.244
3 0.492 0.512 0.092 0.25
1 0.982 0.458 0.035 0.217
5 0.46 0.632 0.062 0.035
5 0.458 0.679 0.099 0.061
5 0.825 0.41 0.134 0.181
5 0.632 0.478 0.287 0.515
1 0.933 0.787 0.038 0.02
