0 0.5 0.5 1.0 1.0
0 0.519 0.423 0.087 0.247
0 0.593 0.429 0.091 0.039
4 0.626 0.464 0.041 0.055
4 0.634 0.519 0.044 0.125
4 0.625 0.526 0.07 0.138
4 0.487 0.326 0.126 0.262
4 0.425 0.475 0.128 0.341
1 0.452 0.935 0.124 0.099
1 0.558 0.822 0.101 0.142
4 0.54 0.928 0.199 0.102
4 0.459 0.744 0.069 0.106
4 0.382 0.825 0.085 0.046
4 0.604 0.845 0.107 0.14
4 0.517 0.711 0.209 0.306
5 0.45 0.861 0.144 0.052
4 0.456 0.917 0.226 0.103
4 0.418 0.747 0.154 0.164
4 0.377 0.513 0.155 0.346
4 0.534 0.535 0.169 0.32
