1 0.702 0.716 0.176 0.115
1 0.68 0.588 0.328 0.272
1 0.392 0.74 0.2 0.234
1 0.598 0.332 0.212 0.129
1 0.611 0.306 0.148 0.147
1 0.37 0.042 0.292 0.084
1 0.203 0.422 0.12 0.091
7 0.235 0.21 0.033 0.092
7 0.158 0.302 0.183 0.148
1 0.239 0.367 0.071 0.072
1 0.236 0.327 0.075 0.093
7 0.227 0.469 0.159 0.177
7 0.551 0.104 0.066 0.083
1 0.558 0.222 0.164 0.221
1 0.608 0.517 0.268 0.118
1 0.591 0.455 0.294 0.138
7 0.41 0.536 0.13 0.208
1 0.518 0.621 0.033 0.042
1 0.536 0.659 0.235 0.326
1 0.457 0.642 0.14 0.4
1 0.287 0.645 0.166 0.207
0 0.381 0.658 0.023 0.061
7 0.113 0.803 0.226 0.202
7 0.738 0.932 0.214 0.136
7 0.853 0.978 0.092 0.042
7 0.942 0.945 0.115 0.108
