5 0.421 0.5 0.837 1.0
0 0.499 0.076 0.031 0.078
7 0.187 0.341 0.092 0.222
7 0.52 0.782 0.1 0.132
7 0.273 0.421 0.081 0.091
7 0.333 0.399 0.351 0.298
5 0.383 0.172 0.206 0.295
0 0.524 0.705 0.135 0.229
5 0.592 0.492 0.183 0.186
1 0.566 0.275 0.175 0.327
5 0.45 0.447 0.197 0.322
5 0.411 0.733 0.214 0.276
0 0.398 0.798 0.029 0.169
1 0.439 0.464 0.177 0.222
3 0.275 0.621 0.186 0.172
0 0.431 0.226 0.124 0.321
7 0.248 0.271 0.152 0.213
0 0.261 0.33 0.103 0.099
5 0.311 0.145 0.23 0.253
0 0.352 0.246 0.024 0.061
7 0.566 0.634 0.068 0.126
