7 0.328 0.15 0.655 0.299
7 0.506 0.031 0.164 0.062
1 0.078 0.717 0.155 0.565
0 0.462 0.527 0.862 0.945
4 0.36 0.248 0.094 0.174
4 0.476 0.633 0.075 0.037
4 0.568 0.232 0.312 0.169
4 0.466 0.442 0.168 0.124
4 0.231 0.314 0.246 0.226
4 0.427 0.356 0.153 0.289
4 0.527 0.35 0.138 0.127
4 0.222 0.497 0.324 0.188
4 0.518 0.546 0.283 0.142
4 0.314 0.613 0.118 0.072
4 0.735 0.464 0.1 0.282
4 0.683 0.474 0.231 0.396
3 0.65 0.593 0.073 0.056
3 0.39 0.794 0.044 0.079
4 0.56 0.712 0.159 0.137
4 0.521 0.813 0.246 0.138
4 0.666 0.727 0.096 0.155
4 0.303 0.817 0.165 0.061
4 0.316 0.704 0.279 0.208
3 0.197 0.781 0.053 0.105
4 0.255 0.542 0.292 0.396
5 0.572 0.751 0.384 0.306
5 0.452 0.095 0.344 0.191
3 0.126 0.551 0.073 0.078
