7 0.477 0.105 0.603 0.209
1 0.5 0.531 1.0 0.938
4 0.703 0.699 0.038 0.039
4 0.819 0.423 0.08 0.132
4 0.583 0.375 0.087 0.163
4 0.512 0.437 0.087 0.175
4 0.341 0.419 0.317 0.245
4 0.423 0.482 0.141 0.181
4 0.317 0.305 0.076 0.135
4 0.226 0.37 0.076 0.159
4 0.143 0.431 0.09 0.166
4 0.076 0.46 0.144 0.107
4 0.19 0.472 0.085 0.109
4 0.27 0.401 0.082 0.116
4 0.353 0.33 0.063 0.071
4 0.448 0.285 0.058 0.049
4 0.272 0.539 0.1 0.076
4 0.414 0.562 0.134 0.143
4 0.404 0.599 0.071 0.039
4 0.329 0.538 0.067 0.096
4 0.695 0.415 0.087 0.146
4 0.622 0.477 0.094 0.17
4 0.538 0.542 0.133 0.172
4 0.546 0.597 0.144 0.131
4 0.594 0.657 0.067 0.036
4 0.648 0.561 0.116 0.172
4 0.752 0.473 0.105 0.132
4 0.916 0.461 0.151 0.129
4 0.933 0.561 0.112 0.166
4 0.737 0.597 0.289 0.223
4 0.822 0.657 0.224 0.188
4 0.801 0.713 0.168 0.113
7 0.775 0.163 0.45 0.324
7 0.096 0.053 0.191 0.106
