5 0.467 0.561 0.933 0.876
4 0.358 0.228 0.085 0.104
4 0.304 0.29 0.092 0.121
4 0.441 0.25 0.086 0.122
4 0.526 0.294 0.093 0.185
4 0.389 0.32 0.095 0.115
4 0.251 0.356 0.1 0.125
4 0.34 0.402 0.104 0.137
4 0.476 0.362 0.099 0.138
4 0.608 0.358 0.099 0.148
4 0.179 0.441 0.113 0.147
4 0.263 0.493 0.119 0.168
4 0.436 0.448 0.111 0.181
4 0.359 0.585 0.121 0.264
4 0.575 0.431 0.102 0.16
4 0.088 0.52 0.139 0.178
4 0.185 0.596 0.135 0.181
4 0.304 0.659 0.141 0.22
4 0.702 0.415 0.103 0.203
4 0.815 0.417 0.119 0.135
4 0.533 0.505 0.114 0.186
4 0.467 0.643 0.126 0.264
4 0.677 0.5 0.114 0.219
4 0.639 0.599 0.123 0.239
4 0.59 0.709 0.137 0.294
4 0.546 0.804 0.153 0.212
4 0.791 0.51 0.132 0.156
4 0.761 0.628 0.144 0.196
4 0.718 0.792 0.164 0.287
0 0.957 0.941 0.038 0.048
