7 0.472 0.629 0.033 0.032
5 0.039 0.223 0.077 0.118
1 0.797 0.288 0.232 0.319
1 0.882 0.586 0.136 0.307
1 0.819 0.483 0.076 0.097
1 0.821 0.529 0.074 0.149
1 0.464 0.176 0.498 0.308
1 0.438 0.322 0.48 0.526
1 0.708 0.714 0.285 0.364
1 0.75 0.645 0.099 0.062
2 0.702 0.67 0.027 0.038
7 0.644 0.681 0.099 0.082
7 0.751 0.454 0.154 0.262
1 0.742 0.592 0.118 0.108
7 0.605 0.376 0.305 0.296
7 0.643 0.594 0.118 0.15
1 0.574 0.705 0.051 0.119
7 0.545 0.535 0.291 0.228
1 0.455 0.856 0.32 0.253
1 0.317 0.775 0.019 0.052
6 0.317 0.819 0.014 0.046
1 0.537 0.792 0.157 0.191
1 0.47 0.834 0.03 0.045
1 0.513 0.718 0.115 0.188
5 0.522 0.794 0.121 0.094
1 0.493 0.841 0.044 0.023
7 0.332 0.564 0.179 0.418
7 0.387 0.301 0.172 0.309
7 0.074 0.9 0.148 0.2
7 0.24 0.88 0.199 0.24
7 0.389 0.759 0.144 0.375
7 0.419 0.601 0.069 0.025
0 0.85 0.292 0.126 0.126
