1 0.17 0.364 0.042 0.147
1 0.207 0.355 0.075 0.102
7 0.569 0.633 0.228 0.277
1 0.765 0.362 0.109 0.192
1 0.784 0.362 0.121 0.179
1 0.737 0.487 0.088 0.118
1 0.307 0.418 0.181 0.182
7 0.273 0.378 0.078 0.059
5 0.341 0.35 0.052 0.065
5 0.32 0.312 0.054 0.034
6 0.314 0.37 0.104 0.12
7 0.417 0.428 0.119 0.239
1 0.189 0.419 0.034 0.06
1 0.215 0.44 0.039 0.108
1 0.224 0.447 0.028 0.091
1 0.128 0.388 0.064 0.076
1 0.088 0.499 0.105 0.213
1 0.142 0.533 0.17 0.205
1 0.117 0.49 0.091 0.073
7 0.082 0.477 0.041 0.047
4 0.083 0.478 0.051 0.05
1 0.254 0.664 0.395 0.418
5 0.37 0.583 0.062 0.072
5 0.288 0.592 0.058 0.053
5 0.346 0.594 0.092 0.075
5 0.282 0.56 0.069 0.067
5 0.33 0.698 0.018 0.046
5 0.353 0.671 0.035 0.048
5 0.204 0.642 0.067 0.078
5 0.32 0.8 0.026 0.041
5 0.288 0.776 0.067 0.094
5 0.212 0.711 0.05 0.069
5 0.273 0.67 0.122 0.136
0 0.324 0.671 0.029 0.055
0 0.173 0.691 0.039 0.027
5 0.232 0.739 0.053 0.035
0 0.235 0.743 0.051 0.073
1 0.11 0.474 0.036 0.041
