5 0.098 0.189 0.105 0.377
1 0.153 0.371 0.203 0.481
5 0.236 0.253 0.1 0.26
1 0.728 0.421 0.044 0.125
1 0.867 0.373 0.266 0.287
7 0.947 0.175 0.105 0.132
5 0.96 0.242 0.079 0.055
5 0.894 0.247 0.097 0.059
5 0.975 0.319 0.048 0.108
1 0.929 0.308 0.082 0.091
0 0.895 0.624 0.195 0.05
1 0.947 0.533 0.106 0.189
0 0.889 0.575 0.09 0.047
1 0.901 0.737 0.198 0.221
1 0.865 0.709 0.077 0.102
1 0.9 0.781 0.08 0.103
1 0.951 0.756 0.073 0.047
2 0.81 0.767 0.068 0.038
2 0.815 0.756 0.071 0.038
2 0.821 0.721 0.075 0.082
7 0.714 0.629 0.259 0.296
7 0.776 0.494 0.069 0.034
7 0.273 0.456 0.263 0.29
7 0.29 0.39 0.114 0.052
7 0.493 0.449 0.432 0.328
5 0.408 0.334 0.155 0.032
7 0.566 0.792 0.315 0.362
7 0.636 0.627 0.123 0.057
5 0.566 0.386 0.13 0.085
