3 0.893 0.348 0.014 0.029
3 0.797 0.28 0.036 0.045
3 0.439 0.851 0.05 0.026
3 0.628 0.268 0.072 0.055
3 0.545 0.307 0.1 0.173
3 0.173 0.446 0.177 0.129
3 0.311 0.44 0.1 0.089
3 0.384 0.464 0.046 0.041
3 0.372 0.433 0.047 0.038
3 0.414 0.42 0.113 0.087
5 0.194 0.343 0.212 0.101
3 0.302 0.844 0.072 0.066
3 0.244 0.795 0.131 0.092
3 0.264 0.74 0.108 0.104
3 0.857 0.47 0.089 0.043
3 0.72 0.322 0.13 0.187
3 0.842 0.373 0.125 0.2
3 0.945 0.644 0.11 0.179
3 0.951 0.458 0.098 0.195
3 0.783 0.475 0.047 0.034
3 0.812 0.396 0.26 0.125
3 0.765 0.647 0.062 0.029
3 0.82 0.624 0.124 0.029
3 0.756 0.602 0.196 0.078
3 0.615 0.476 0.172 0.199
3 0.781 0.765 0.207 0.101
3 0.545 0.831 0.14 0.047
3 0.544 0.809 0.072 0.044
3 0.653 0.811 0.074 0.053
3 0.637 0.774 0.18 0.058
3 0.877 0.683 0.066 0.065
3 0.799 0.702 0.21 0.14
3 0.902 0.57 0.194 0.193
3 0.723 0.505 0.243 0.19
3 0.505 0.453 0.182 0.136
3 0.354 0.329 0.239 0.198
3 0.52 0.321 0.283 0.125
3 0.374 0.787 0.153 0.162
3 0.486 0.805 0.123 0.074
3 0.298 0.661 0.101 0.046
3 0.404 0.688 0.109 0.147
3 0.174 0.683 0.193 0.141
3 0.348 0.612 0.115 0.119
3 0.287 0.499 0.12 0.074
3 0.202 0.584 0.252 0.192
3 0.58 0.683 0.289 0.214
3 0.418 0.555 0.222 0.181
3 0.516 0.542 0.275 0.191
