4 0.396 0.228 0.43 0.219
7 0.699 0.16 0.202 0.043
2 0.639 0.25 0.361 0.179
5 0.775 0.25 0.124 0.191
0 0.805 0.807 0.147 0.093
5 0.795 0.706 0.243 0.213
0 0.6 0.583 0.12 0.118
0 0.274 0.616 0.087 0.083
2 0.395 0.637 0.212 0.129
5 0.443 0.577 0.232 0.153
2 0.346 0.751 0.286 0.126
0 0.204 0.776 0.018 0.044
7 0.205 0.597 0.153 0.107
7 0.107 0.727 0.083 0.072
6 0.292 0.392 0.071 0.096
7 0.262 0.425 0.124 0.099
0 0.296 0.476 0.146 0.078
0 0.364 0.444 0.065 0.198
0 0.869 0.449 0.097 0.049
0 0.815 0.51 0.181 0.109
0 0.531 0.694 0.099 0.068
0 0.6 0.719 0.1 0.052
