0 0.5 0.5 1.0 1.0
5 0.433 0.519 0.067 0.055
5 0.352 0.526 0.127 0.04
5 0.232 0.561 0.069 0.04
5 0.266 0.495 0.158 0.104
5 0.407 0.687 0.404 0.288
5 0.304 0.67 0.106 0.055
5 0.497 0.68 0.075 0.02
5 0.306 0.611 0.201 0.217
5 0.502 0.612 0.144 0.133
5 0.403 0.595 0.074 0.135
5 0.386 0.646 0.098 0.074
5 0.704 0.608 0.266 0.097
5 0.746 0.418 0.085 0.06
5 0.75 0.448 0.06 0.044
5 0.695 0.417 0.108 0.057
5 0.653 0.525 0.471 0.184
5 0.462 0.737 0.396 0.171
7 0.315 0.744 0.173 0.159
7 0.546 0.483 0.108 0.023
5 0.498 0.433 0.381 0.156
5 0.549 0.348 0.173 0.06
1 0.117 0.887 0.154 0.048
