7 0.058 0.416 0.114 0.69
1 0.051 0.134 0.102 0.046
1 0.169 0.514 0.204 0.212
7 0.446 0.713 0.097 0.039
5 0.336 0.809 0.034 0.057
7 0.47 0.894 0.103 0.054
5 0.442 0.713 0.052 0.03
1 0.18 0.448 0.132 0.104
0 0.286 0.789 0.081 0.009
0 0.309 0.831 0.057 0.029
1 0.418 0.827 0.193 0.173
7 0.563 0.811 0.338 0.269
1 0.509 0.891 0.051 0.029
0 0.206 0.441 0.089 0.066
7 0.168 0.488 0.063 0.032
1 0.121 0.477 0.055 0.037
6 0.363 0.323 0.171 0.127
0 0.371 0.282 0.102 0.034
7 0.343 0.316 0.09 0.034
3 0.316 0.297 0.058 0.023
1 0.035 0.091 0.07 0.068
