3 0.476 0.984 0.086 0.031
5 0.599 0.93 0.171 0.139
1 0.738 0.624 0.216 0.367
1 0.709 0.608 0.108 0.155
1 0.724 0.453 0.157 0.336
1 0.68 0.543 0.017 0.071
1 0.7 0.502 0.043 0.088
1 0.693 0.524 0.012 0.1
1 0.669 0.523 0.024 0.039
1 0.415 0.324 0.148 0.162
1 0.292 0.446 0.199 0.214
1 0.587 0.643 0.02 0.03
1 0.557 0.391 0.415 0.554
1 0.655 0.564 0.022 0.016
7 0.619 0.71 0.135 0.304
1 0.47 0.749 0.207 0.364
1 0.451 0.696 0.026 0.057
3 0.467 0.835 0.094 0.213
1 0.293 0.856 0.288 0.275
1 0.295 0.734 0.325 0.529
1 0.235 0.77 0.431 0.459
1 0.028 0.952 0.056 0.095
1 0.17 0.69 0.339 0.345
7 0.311 0.837 0.04 0.038
1 0.377 0.521 0.061 0.083
1 0.363 0.569 0.049 0.055
1 0.416 0.572 0.065 0.051
5 0.863 0.193 0.22 0.192
5 0.867 0.132 0.225 0.124
5 0.87 0.106 0.227 0.118
5 0.874 0.074 0.23 0.121
5 0.876 0.05 0.226 0.1
5 0.873 0.034 0.216 0.068
5 0.871 0.016 0.179 0.031
1 0.393 0.562 0.036 0.041
1 0.532 0.416 0.128 0.187
1 0.517 0.371 0.148 0.221
