6 0.039 0.888 0.078 0.224
6 0.228 0.892 0.346 0.216
6 0.968 0.911 0.063 0.178
6 0.866 0.903 0.217 0.194
0 0.311 0.895 0.059 0.209
6 0.502 0.901 0.206 0.196
6 0.682 0.9 0.17 0.199
0 0.731 0.901 0.058 0.197
6 0.932 0.148 0.135 0.296
6 0.839 0.14 0.173 0.281
6 0.672 0.139 0.236 0.278
6 0.441 0.141 0.279 0.282
6 0.094 0.113 0.188 0.225
6 0.168 0.116 0.267 0.232
0 0.73 0.139 0.106 0.278
6 0.947 0.589 0.105 0.473
6 0.836 0.798 0.099 0.043
6 0.888 0.555 0.194 0.51
6 0.764 0.543 0.151 0.536
6 0.145 0.518 0.29 0.539
0 0.157 0.524 0.255 0.527
6 0.246 0.538 0.291 0.545
0 0.095 0.639 0.081 0.114
6 0.529 0.55 0.394 0.564
