0 0.253 0.432 0.064 0.065
7 0.229 0.479 0.117 0.133
5 0.522 0.495 0.555 0.262
7 0.398 0.273 0.272 0.237
7 0.511 0.362 0.06 0.047
3 0.47 0.378 0.058 0.032
7 0.508 0.388 0.069 0.017
1 0.348 0.431 0.026 0.048
0 0.314 0.473 0.072 0.082
1 0.492 0.463 0.063 0.03
1 0.412 0.486 0.197 0.074
7 0.395 0.422 0.076 0.064
1 0.403 0.482 0.128 0.022
5 0.644 0.441 0.054 0.019
4 0.547 0.442 0.142 0.038
1 0.43 0.436 0.152 0.093
5 0.923 0.497 0.152 0.285
7 0.939 0.457 0.122 0.149
5 0.779 0.468 0.309 0.148
5 0.59 0.49 0.142 0.083
7 0.724 0.342 0.392 0.188
0 0.358 0.794 0.109 0.086
0 0.812 0.793 0.048 0.06
0 0.865 0.643 0.078 0.041
0 0.979 0.696 0.042 0.075
7 0.649 0.677 0.604 0.398
5 0.133 0.421 0.137 0.081
5 0.528 0.565 0.057 0.025
0 0.449 0.569 0.112 0.028
