1 0.102 0.578 0.204 0.184
1 0.097 0.536 0.157 0.083
1 0.184 0.471 0.041 0.064
1 0.084 0.489 0.169 0.18
1 0.177 0.414 0.071 0.097
1 0.153 0.393 0.306 0.162
1 0.157 0.363 0.313 0.174
1 0.608 0.335 0.072 0.072
1 0.613 0.293 0.039 0.039
1 0.581 0.316 0.035 0.034
1 0.608 0.292 0.041 0.032
1 0.583 0.297 0.042 0.025
1 0.588 0.26 0.093 0.09
1 0.466 0.225 0.09 0.108
1 0.558 0.196 0.123 0.136
1 0.548 0.094 0.144 0.188
1 0.529 0.018 0.112 0.036
1 0.039 0.326 0.078 0.149
1 0.019 0.204 0.038 0.144
1 0.239 0.186 0.479 0.372
7 0.403 0.41 0.196 0.379
7 0.512 0.366 0.142 0.255
7 0.859 0.552 0.216 0.41
9 0.894 0.385 0.117 0.072
0 0.896 0.417 0.073 0.031
7 0.557 0.525 0.187 0.369
7 0.275 0.48 0.175 0.337
7 0.378 0.257 0.099 0.084
7 0.505 0.258 0.035 0.038
0 0.057 0.609 0.114 0.073
1 0.095 0.428 0.084 0.051
