6 0.362 0.331 0.134 0.185
7 0.831 0.617 0.271 0.522
0 0.339 0.396 0.062 0.029
7 0.68 0.48 0.021 0.036
7 0.679 0.522 0.061 0.108
7 0.709 0.635 0.046 0.214
7 0.499 0.531 0.058 0.133
7 0.6 0.457 0.199 0.269
1 0.205 0.439 0.213 0.058
0 0.326 0.435 0.062 0.049
1 0.208 0.411 0.205 0.091
7 0.296 0.602 0.202 0.335
1 0.206 0.406 0.184 0.095
7 0.449 0.644 0.115 0.236
1 0.195 0.377 0.179 0.127
7 0.537 0.678 0.069 0.235
1 0.17 0.294 0.172 0.172
7 0.482 0.721 0.115 0.295
7 0.644 0.711 0.22 0.374
0 0.4 0.389 0.057 0.027
