7 0.624 0.47 0.277 0.216
5 0.781 0.748 0.116 0.081
6 0.782 0.667 0.153 0.261
5 0.682 0.469 0.09 0.144
7 0.418 0.302 0.245 0.338
5 0.597 0.436 0.117 0.103
7 0.573 0.485 0.11 0.118
7 0.634 0.504 0.052 0.052
7 0.462 0.46 0.131 0.126
7 0.418 0.511 0.132 0.179
7 0.084 0.161 0.078 0.151
5 0.319 0.52 0.081 0.05
5 0.315 0.542 0.075 0.05
0 0.753 0.608 0.093 0.14
1 0.777 0.636 0.083 0.035
1 0.771 0.662 0.045 0.031
0 0.782 0.587 0.049 0.066
7 0.457 0.697 0.167 0.35
7 0.316 0.72 0.163 0.337
7 0.63 0.716 0.203 0.363
1 0.904 0.462 0.058 0.35
5 0.456 0.261 0.089 0.138
5 0.43 0.378 0.205 0.143
