1 0.541 0.503 0.082 0.109
1 0.613 0.499 0.073 0.117
1 0.663 0.477 0.081 0.049
6 0.955 0.656 0.089 0.28
6 0.858 0.707 0.283 0.396
6 0.712 0.726 0.258 0.469
6 0.602 0.742 0.144 0.376
6 0.271 0.734 0.543 0.532
0 0.555 0.964 0.059 0.071
6 0.911 0.474 0.177 0.126
0 0.758 0.471 0.176 0.165
6 0.803 0.487 0.217 0.133
6 0.717 0.29 0.28 0.396
6 0.522 0.286 0.162 0.454
6 0.373 0.271 0.186 0.485
6 0.17 0.264 0.249 0.47
6 0.065 0.264 0.129 0.528
0 0.203 0.038 0.183 0.032
0 0.631 0.111 0.068 0.023
0 0.605 0.482 0.076 0.01
0 0.738 0.534 0.346 0.054
