0 0.245 0.23 0.489 0.381
0 0.436 0.085 0.084 0.042
0 0.396 0.093 0.073 0.051
0 0.307 0.062 0.063 0.036
0 0.297 0.083 0.062 0.02
0 0.327 0.097 0.034 0.019
0 0.29 0.104 0.053 0.037
0 0.256 0.053 0.08 0.062
0 0.22 0.048 0.059 0.054
0 0.161 0.043 0.069 0.033
0 0.035 0.035 0.041 0.029
0 0.029 0.055 0.054 0.025
4 0.661 0.282 0.135 0.27
4 0.585 0.257 0.069 0.324
4 0.524 0.131 0.069 0.04
4 0.5 0.279 0.135 0.268
4 0.392 0.24 0.099 0.316
4 0.341 0.183 0.083 0.153
4 0.327 0.339 0.22 0.362
4 0.761 0.381 0.067 0.228
4 0.579 0.376 0.021 0.07
4 0.666 0.449 0.21 0.49
4 0.509 0.488 0.215 0.557
4 0.85 0.437 0.299 0.476
4 0.341 0.56 0.271 0.614
0 0.069 0.045 0.046 0.038
0 0.119 0.061 0.1 0.034
0 0.2 0.07 0.045 0.048
0 0.179 0.085 0.058 0.042
0 0.119 0.086 0.089 0.04
0 0.242 0.095 0.083 0.048
0 0.14 0.647 0.279 0.705
