7 0.345 0.418 0.091 0.149
7 0.299 0.544 0.06 0.099
7 0.39 0.306 0.102 0.16
7 0.164 0.541 0.035 0.096
7 0.221 0.525 0.14 0.174
7 0.188 0.658 0.088 0.138
7 0.102 0.392 0.14 0.249
7 0.092 0.643 0.142 0.284
7 0.116 0.523 0.057 0.038
1 0.651 0.711 0.167 0.133
1 0.595 0.485 0.209 0.162
1 0.577 0.476 0.155 0.092
1 0.582 0.375 0.153 0.145
1 0.651 0.628 0.176 0.26
1 0.777 0.641 0.158 0.338
1 0.856 0.615 0.241 0.259
1 0.777 0.889 0.106 0.15
1 0.446 0.684 0.045 0.08
1 0.329 0.672 0.146 0.178
1 0.377 0.63 0.161 0.091
1 0.421 0.663 0.058 0.062
1 0.373 0.573 0.049 0.07
1 0.334 0.505 0.033 0.201
1 0.352 0.505 0.118 0.116
1 0.412 0.581 0.082 0.071
1 0.294 0.721 0.101 0.141
7 0.436 0.445 0.159 0.294
4 0.449 0.311 0.026 0.075
5 0.469 0.324 0.038 0.067
7 0.232 0.356 0.167 0.251
1 0.606 0.473 0.107 0.084
