0 0.961 0.391 0.076 0.03
5 0.906 0.749 0.187 0.057
9 0.91 0.682 0.18 0.183
7 0.924 0.586 0.151 0.145
5 0.881 0.806 0.237 0.09
0 0.957 0.456 0.085 0.176
0 0.51 0.786 0.634 0.21
1 0.102 0.329 0.091 0.132
3 0.122 0.283 0.063 0.027
5 0.048 0.263 0.095 0.045
0 0.539 0.289 0.921 0.46
7 0.289 0.392 0.327 0.287
6 0.415 0.042 0.83 0.085
1 0.042 0.303 0.085 0.078
7 0.309 0.383 0.238 0.176
7 0.35 0.35 0.131 0.155
7 0.198 0.36 0.175 0.193
7 0.198 0.287 0.09 0.069
7 0.193 0.514 0.132 0.205
0 0.081 0.641 0.161 0.692
9 0.956 0.721 0.037 0.08
0 0.817 0.656 0.365 0.103
