0 0.102 0.396 0.054 0.032
0 0.339 0.365 0.099 0.05
1 0.216 0.377 0.277 0.256
1 0.371 0.588 0.21 0.238
1 0.37 0.512 0.15 0.173
1 0.269 0.519 0.069 0.076
1 0.252 0.477 0.081 0.145
0 0.247 0.574 0.041 0.049
7 0.143 0.572 0.185 0.292
5 0.772 0.156 0.061 0.094
7 0.687 0.545 0.229 0.374
1 0.329 0.432 0.059 0.064
1 0.393 0.412 0.096 0.04
1 0.362 0.606 0.064 0.065
1 0.415 0.517 0.056 0.1
7 0.499 0.572 0.132 0.196
5 0.515 0.515 0.033 0.041
0 0.491 0.493 0.033 0.042
7 0.463 0.503 0.027 0.037
7 0.49 0.63 0.13 0.145
6 0.29 0.683 0.255 0.201
7 0.5 0.794 0.229 0.253
0 0.21 0.48 0.094 0.1
0 0.184 0.301 0.02 0.097
