1 0.513 0.837 0.038 0.062
7 0.906 0.395 0.187 0.229
1 0.628 0.547 0.407 0.345
7 0.911 0.542 0.178 0.275
7 0.98 0.73 0.039 0.146
7 0.755 0.58 0.077 0.055
1 0.898 0.747 0.151 0.241
7 0.844 0.653 0.039 0.046
1 0.68 0.798 0.296 0.252
7 0.685 0.712 0.284 0.269
1 0.172 0.678 0.252 0.225
1 0.379 0.676 0.21 0.251
1 0.435 0.663 0.067 0.164
1 0.418 0.601 0.019 0.06
7 0.359 0.634 0.071 0.069
2 0.107 0.377 0.132 0.062
1 0.118 0.425 0.174 0.133
1 0.13 0.483 0.25 0.241
6 0.325 0.525 0.221 0.266
1 0.431 0.587 0.019 0.097
1 0.406 0.607 0.01 0.052
0 0.458 0.623 0.036 0.029
6 0.635 0.545 0.175 0.109
7 0.89 0.684 0.101 0.11
7 0.896 0.452 0.104 0.097
7 0.877 0.68 0.056 0.059
2 0.394 0.633 0.019 0.071
