7 0.384 0.44 0.292 0.317
1 0.471 0.583 0.299 0.312
5 0.579 0.345 0.058 0.088
2 0.466 0.747 0.062 0.11
7 0.703 0.42 0.229 0.335
0 0.589 0.408 0.06 0.05
1 0.094 0.349 0.187 0.391
1 0.22 0.512 0.087 0.129
1 0.266 0.325 0.047 0.036
1 0.219 0.418 0.438 0.397
5 0.406 0.373 0.161 0.135
5 0.449 0.383 0.171 0.164
5 0.333 0.483 0.116 0.099
5 0.42 0.507 0.179 0.114
7 0.515 0.459 0.166 0.124
3 0.504 0.432 0.114 0.126
3 0.551 0.443 0.08 0.105
5 0.919 0.683 0.094 0.257
7 0.783 0.699 0.25 0.349
7 0.757 0.78 0.213 0.188
7 0.586 0.652 0.058 0.056
7 0.095 0.448 0.148 0.15
