5 0.051 0.882 0.101 0.235
1 0.297 0.85 0.072 0.104
1 0.315 0.8 0.04 0.04
1 0.304 0.698 0.087 0.243
1 0.334 0.697 0.044 0.091
1 0.336 0.507 0.312 0.324
1 0.222 0.714 0.181 0.377
7 0.18 0.926 0.19 0.147
7 0.125 0.899 0.065 0.08
7 0.499 0.906 0.182 0.187
1 0.688 0.175 0.119 0.113
1 0.664 0.184 0.125 0.093
1 0.723 0.359 0.09 0.26
1 0.713 0.469 0.021 0.042
1 0.779 0.31 0.037 0.123
1 0.749 0.403 0.045 0.172
1 0.856 0.515 0.141 0.215
1 0.775 0.396 0.059 0.161
1 0.783 0.411 0.055 0.143
1 0.787 0.443 0.044 0.115
1 0.81 0.432 0.033 0.048
1 0.804 0.452 0.044 0.07
1 0.814 0.463 0.07 0.084
1 0.82 0.474 0.042 0.067
1 0.831 0.503 0.039 0.089
1 0.847 0.515 0.07 0.114
1 0.905 0.563 0.083 0.15
1 0.898 0.548 0.082 0.166
1 0.91 0.514 0.024 0.075
1 0.889 0.547 0.047 0.116
1 0.884 0.527 0.062 0.129
1 0.884 0.51 0.072 0.145
1 0.858 0.537 0.042 0.078
1 0.856 0.529 0.035 0.068
1 0.411 0.221 0.161 0.115
1 0.479 0.219 0.264 0.203
1 0.55 0.385 0.32 0.376
1 0.536 0.326 0.25 0.24
1 0.467 0.349 0.034 0.082
1 0.751 0.485 0.045 0.029
1 0.785 0.64 0.181 0.306
1 0.766 0.713 0.087 0.142
9 0.794 0.656 0.115 0.145
1 0.596 0.799 0.307 0.246
1 0.675 0.709 0.334 0.238
1 0.675 0.672 0.302 0.247
1 0.489 0.685 0.351 0.313
1 0.27 0.343 0.27 0.324
0 0.659 0.531 0.23 0.074
6 0.259 0.631 0.074 0.131
1 0.22 0.625 0.049 0.117
6 0.217 0.651 0.039 0.063
1 0.187 0.617 0.033 0.122
7 0.182 0.611 0.044 0.145
7 0.374 0.907 0.275 0.185
