8 0.644 0.222 0.512 0.283
8 0.972 0.965 0.056 0.07
8 0.865 0.81 0.269 0.099
5 0.084 0.891 0.167 0.153
8 0.242 0.967 0.1 0.067
8 0.548 0.767 0.237 0.228
8 0.354 0.786 0.392 0.342
8 0.216 0.495 0.386 0.358
8 0.391 0.504 0.046 0.034
8 0.907 0.565 0.185 0.077
8 0.704 0.577 0.271 0.166
8 0.864 0.704 0.081 0.052
8 0.749 0.895 0.211 0.176
8 0.851 0.763 0.298 0.109
8 0.555 0.411 0.492 0.283
8 0.639 0.789 0.241 0.229
8 0.667 0.94 0.108 0.12
8 0.733 0.943 0.203 0.113
8 0.916 0.886 0.167 0.227
8 0.879 0.431 0.192 0.225
8 0.875 0.646 0.249 0.116
