5 0.012 0.102 0.025 0.045
5 0.01 0.078 0.02 0.041
5 0.005 0.05 0.01 0.031
5 0.017 0.083 0.014 0.036
5 0.017 0.057 0.03 0.035
5 0.038 0.014 0.077 0.027
7 0.092 0.101 0.142 0.201
5 0.024 0.038 0.048 0.037
7 0.164 0.111 0.123 0.222
7 0.166 0.134 0.098 0.231
7 0.21 0.168 0.06 0.252
7 0.47 0.14 0.073 0.125
7 0.222 0.305 0.081 0.151
7 0.351 0.242 0.25 0.419
7 0.597 0.49 0.05 0.065
7 0.466 0.462 0.297 0.615
2 0.526 0.463 0.163 0.278
7 0.707 0.369 0.213 0.249
7 0.835 0.295 0.043 0.13
7 0.608 0.723 0.313 0.553
7 0.978 0.656 0.043 0.068
7 0.806 0.652 0.361 0.631
1 0.706 0.451 0.114 0.143
5 0.783 0.404 0.084 0.164
1 0.72 0.482 0.048 0.044
5 0.686 0.5 0.043 0.04
6 0.949 0.84 0.102 0.319
7 0.974 0.615 0.051 0.102
7 0.237 0.172 0.041 0.067
5 0.888 0.892 0.059 0.077
