7 0.774 0.705 0.059 0.019
7 0.825 0.707 0.032 0.049
7 0.807 0.667 0.029 0.054
7 0.726 0.672 0.042 0.034
1 0.82 0.666 0.035 0.034
7 0.843 0.689 0.037 0.04
6 0.287 0.765 0.334 0.197
6 0.542 0.547 0.128 0.195
7 0.289 0.67 0.297 0.13
7 0.384 0.592 0.297 0.143
6 0.522 0.327 0.18 0.07
7 0.508 0.39 0.266 0.178
7 0.524 0.263 0.216 0.158
6 0.378 0.469 0.299 0.17
7 0.674 0.579 0.212 0.167
5 0.277 0.549 0.063 0.057
5 0.332 0.577 0.115 0.075
5 0.388 0.603 0.055 0.03
2 0.407 0.582 0.064 0.039
1 0.451 0.616 0.067 0.044
7 0.581 0.243 0.084 0.081
7 0.471 0.246 0.042 0.079
5 0.5 0.211 0.058 0.033
5 0.52 0.281 0.064 0.071
7 0.163 0.681 0.022 0.055
7 0.484 0.334 0.062 0.027
7 0.365 0.579 0.046 0.05
5 0.807 0.776 0.055 0.031
5 0.77 0.749 0.122 0.041
5 0.705 0.721 0.146 0.039
7 0.713 0.743 0.049 0.023
7 0.659 0.75 0.128 0.036
7 0.606 0.717 0.072 0.064
1 0.728 0.774 0.085 0.022
1 0.779 0.631 0.06 0.028
7 0.762 0.659 0.09 0.083
1 0.85 0.678 0.025 0.042
2 0.852 0.729 0.027 0.044
1 0.778 0.615 0.053 0.009
