5 0.236 0.118 0.233 0.237
0 0.598 0.546 0.039 0.075
5 0.781 0.701 0.114 0.043
5 0.91 0.58 0.102 0.052
0 0.532 0.063 0.173 0.127
7 0.542 0.133 0.211 0.242
7 0.877 0.256 0.246 0.443
7 0.735 0.375 0.338 0.505
5 0.44 0.404 0.106 0.259
7 0.566 0.231 0.114 0.225
7 0.565 0.343 0.177 0.373
5 0.239 0.042 0.087 0.084
1 0.19 0.045 0.13 0.091
6 0.155 0.043 0.13 0.086
0 0.487 0.837 0.223 0.237
7 0.448 0.489 0.225 0.48
5 0.489 0.459 0.036 0.125
7 0.208 0.411 0.351 0.685
1 0.255 0.049 0.053 0.073
5 0.806 0.811 0.183 0.214
5 0.773 0.825 0.096 0.136
5 0.817 0.622 0.093 0.118
5 0.815 0.612 0.061 0.085
5 0.653 0.687 0.12 0.128
5 0.667 0.733 0.122 0.164
5 0.741 0.649 0.081 0.115
1 0.406 0.295 0.043 0.035
