1 0.212 0.488 0.153 0.079
1 0.229 0.532 0.099 0.041
1 0.355 0.583 0.166 0.287
7 0.041 0.536 0.083 0.342
7 0.054 0.687 0.033 0.19
1 0.282 0.64 0.05 0.174
7 0.164 0.647 0.228 0.464
7 0.141 0.512 0.061 0.044
1 0.277 0.481 0.033 0.047
1 0.356 0.485 0.117 0.072
2 0.325 0.458 0.055 0.031
1 0.812 0.659 0.339 0.358
1 0.542 0.644 0.247 0.291
7 0.563 0.45 0.308 0.303
0 0.64 0.642 0.022 0.074
1 0.805 0.564 0.205 0.155
3 0.922 0.631 0.052 0.109
1 0.807 0.626 0.183 0.096
1 0.698 0.597 0.088 0.108
1 0.712 0.597 0.05 0.021
1 0.82 0.642 0.181 0.099
