1 0.962 0.538 0.076 0.186
1 0.811 0.611 0.243 0.068
1 0.811 0.544 0.279 0.11
1 0.803 0.45 0.308 0.116
1 0.965 0.481 0.038 0.068
1 0.944 0.334 0.111 0.226
1 0.942 0.372 0.044 0.079
1 0.533 0.444 0.261 0.108
1 0.501 0.401 0.225 0.15
1 0.226 0.306 0.211 0.109
1 0.452 0.276 0.319 0.212
1 0.42 0.265 0.192 0.058
1 0.457 0.281 0.082 0.023
0 0.435 0.277 0.112 0.033
1 0.418 0.277 0.103 0.034
0 0.402 0.276 0.123 0.035
1 0.549 0.753 0.421 0.302
1 0.515 0.654 0.387 0.342
1 0.2 0.746 0.306 0.126
6 0.041 0.729 0.082 0.229
1 0.202 0.557 0.405 0.361
1 0.348 0.456 0.098 0.29
1 0.308 0.409 0.087 0.196
1 0.295 0.407 0.089 0.201
1 0.254 0.417 0.112 0.18
1 0.191 0.475 0.039 0.065
1 0.197 0.422 0.126 0.171
1 0.16 0.389 0.102 0.142
1 0.207 0.373 0.066 0.087
1 0.122 0.413 0.139 0.189
1 0.107 0.401 0.172 0.211
1 0.067 0.368 0.134 0.275
0 0.399 0.272 0.092 0.029
1 0.782 0.223 0.051 0.032
1 0.92 0.259 0.061 0.058
1 0.787 0.294 0.367 0.253
1 0.766 0.312 0.219 0.017
1 0.799 0.277 0.205 0.081
