7 0.464 0.28 0.098 0.103
5 0.454 0.276 0.035 0.028
1 0.604 0.325 0.222 0.175
1 0.59 0.314 0.207 0.186
3 0.335 0.361 0.04 0.152
7 0.414 0.37 0.196 0.114
7 0.543 0.379 0.04 0.034
7 0.462 0.38 0.138 0.033
5 0.457 0.387 0.101 0.033
5 0.588 0.366 0.095 0.069
7 0.682 0.502 0.26 0.24
5 0.65 0.511 0.04 0.028
0 0.633 0.45 0.001 0.001
2 0.639 0.478 0.045 0.055
5 0.652 0.554 0.046 0.06
7 0.415 0.544 0.199 0.306
2 0.434 0.436 0.041 0.019
7 0.57 0.64 0.173 0.333
5 0.516 0.441 0.081 0.108
5 0.562 0.477 0.08 0.09
0 0.548 0.491 0.118 0.063
7 0.73 0.692 0.207 0.252
7 0.344 0.677 0.121 0.118
5 0.655 0.458 0.087 0.098
1 0.681 0.425 0.056 0.036
5 0.664 0.45 0.095 0.093
