0 0.745 0.18 0.059 0.043
0 0.224 0.646 0.128 0.355
1 0.338 0.643 0.161 0.274
1 0.342 0.639 0.133 0.126
0 0.571 0.763 0.444 0.474
1 0.509 0.639 0.288 0.056
1 0.533 0.612 0.286 0.04
0 0.698 0.361 0.053 0.067
1 0.23 0.38 0.09 0.293
0 0.704 0.188 0.033 0.053
2 0.69 0.105 0.056 0.097
0 0.685 0.16 0.029 0.036
0 0.742 0.209 0.06 0.052
5 0.69 0.252 0.098 0.079
5 0.697 0.206 0.042 0.032
7 0.637 0.298 0.029 0.058
7 0.552 0.137 0.249 0.275
1 0.478 0.307 0.439 0.368
1 0.331 0.305 0.132 0.16
0 0.281 0.328 0.072 0.079
0 0.255 0.401 0.07 0.055
1 0.502 0.51 0.456 0.19
1 0.544 0.533 0.288 0.164
1 0.631 0.498 0.058 0.086
1 0.497 0.398 0.437 0.072
1 0.354 0.597 0.076 0.042
1 0.504 0.504 0.327 0.208
