7 0.909 0.103 0.154 0.206
7 0.82 0.134 0.107 0.072
7 0.964 0.24 0.072 0.168
7 0.802 0.263 0.259 0.251
1 0.913 0.373 0.092 0.141
7 0.793 0.565 0.177 0.174
0 0.659 0.609 0.039 0.029
5 0.818 0.427 0.128 0.172
7 0.663 0.433 0.301 0.363
1 0.421 0.159 0.352 0.318
1 0.407 0.31 0.18 0.21
5 0.207 0.514 0.086 0.218
5 0.2 0.5 0.078 0.141
5 0.205 0.483 0.051 0.147
1 0.448 0.629 0.518 0.66
1 0.61 0.392 0.234 0.174
1 0.438 0.406 0.105 0.037
2 0.288 0.608 0.076 0.203
2 0.334 0.502 0.046 0.163
1 0.769 0.814 0.064 0.083
5 0.44 0.317 0.037 0.03
