1 0.198 0.889 0.198 0.222
1 0.333 0.688 0.311 0.222
1 0.261 0.613 0.421 0.292
1 0.624 0.734 0.249 0.318
1 0.603 0.639 0.246 0.231
1 0.661 0.691 0.119 0.09
1 0.701 0.678 0.026 0.057
1 0.581 0.671 0.044 0.052
1 0.608 0.682 0.025 0.051
7 0.951 0.079 0.097 0.105
1 0.955 0.165 0.09 0.13
1 0.849 0.144 0.142 0.244
1 0.896 0.127 0.019 0.051
1 0.864 0.135 0.029 0.072
1 0.854 0.146 0.03 0.077
1 0.816 0.146 0.018 0.094
1 0.796 0.125 0.034 0.134
1 0.82 0.126 0.04 0.124
7 0.926 0.269 0.148 0.225
7 0.846 0.308 0.132 0.116
1 0.877 0.549 0.245 0.368
1 0.765 0.423 0.078 0.263
1 0.815 0.454 0.103 0.215
1 0.911 0.452 0.147 0.242
7 0.599 0.445 0.337 0.329
1 0.349 0.317 0.339 0.393
