6 0.486 0.485 0.779 0.481
0 0.434 0.387 0.071 0.038
1 0.62 0.194 0.171 0.168
1 0.641 0.164 0.114 0.105
1 0.736 0.071 0.205 0.142
0 0.727 0.019 0.092 0.032
1 0.826 0.068 0.306 0.136
0 0.757 0.067 0.078 0.062
1 0.778 0.175 0.204 0.155
1 0.85 0.12 0.263 0.195
5 0.899 0.118 0.078 0.033
1 0.916 0.07 0.055 0.031
1 0.899 0.076 0.116 0.069
2 0.872 0.081 0.043 0.016
1 0.71 0.256 0.132 0.097
1 0.946 0.246 0.108 0.102
1 0.569 0.374 0.114 0.063
1 0.627 0.338 0.17 0.083
1 0.652 0.341 0.142 0.05
1 0.624 0.3 0.14 0.076
7 0.814 0.384 0.144 0.062
