1 0.488 0.077 0.124 0.154
7 0.931 0.152 0.106 0.055
7 0.843 0.184 0.081 0.097
7 0.401 0.134 0.18 0.106
0 0.479 0.015 0.089 0.029
0 0.512 0.197 0.081 0.028
5 0.5 0.157 0.096 0.062
7 0.119 0.349 0.136 0.076
0 0.101 0.307 0.092 0.05
0 0.06 0.34 0.048 0.06
0 0.026 0.337 0.052 0.058
1 0.408 0.301 0.516 0.218
1 0.461 0.322 0.336 0.161
1 0.481 0.327 0.31 0.144
1 0.104 0.425 0.037 0.065
1 0.114 0.425 0.048 0.061
1 0.169 0.394 0.113 0.09
1 0.143 0.455 0.122 0.093
7 0.944 0.295 0.112 0.335
7 0.813 0.248 0.373 0.234
1 0.576 0.451 0.535 0.21
1 0.552 0.464 0.647 0.256
1 0.214 0.523 0.223 0.249
1 0.981 0.429 0.03 0.05
1 0.822 0.367 0.315 0.148
7 0.099 0.737 0.198 0.527
7 0.062 0.746 0.12 0.111
1 0.346 0.899 0.041 0.042
1 0.557 0.837 0.885 0.325
1 0.567 0.739 0.865 0.435
1 0.488 0.65 0.975 0.46
1 0.726 0.656 0.548 0.408
7 0.884 0.069 0.232 0.138
9 0.955 0.024 0.089 0.048
1 0.3 0.672 0.078 0.12
