1 0.327 0.785 0.23 0.333
1 0.719 0.499 0.23 0.43
1 0.619 0.366 0.018 0.039
1 0.654 0.273 0.064 0.08
1 0.679 0.295 0.073 0.058
1 0.691 0.326 0.089 0.1
1 0.722 0.315 0.037 0.103
1 0.746 0.332 0.036 0.087
1 0.527 0.635 0.324 0.52
1 0.664 0.569 0.018 0.037
1 0.661 0.536 0.019 0.05
1 0.524 0.51 0.273 0.349
1 0.663 0.591 0.019 0.054
1 0.61 0.621 0.104 0.132
1 0.553 0.675 0.011 0.041
1 0.533 0.684 0.04 0.044
0 0.68 0.341 0.03 0.062
1 0.627 0.329 0.039 0.045
2 0.654 0.358 0.077 0.079
5 0.149 0.636 0.158 0.498
5 0.71 0.379 0.043 0.03
