6 0.062 0.657 0.097 0.12
6 0.061 0.56 0.097 0.13
6 0.042 0.794 0.083 0.154
6 0.036 0.709 0.072 0.139
6 0.225 0.806 0.352 0.224
6 0.01 0.598 0.02 0.102
6 0.044 0.499 0.088 0.111
7 0.039 0.475 0.077 0.051
7 0.051 0.426 0.103 0.122
7 0.064 0.229 0.128 0.131
7 0.055 0.343 0.109 0.122
6 0.256 0.656 0.298 0.23
6 0.252 0.509 0.294 0.211
6 0.256 0.388 0.308 0.12
6 0.132 0.253 0.083 0.045
6 0.254 0.311 0.307 0.114
6 0.289 0.246 0.332 0.077
6 0.271 0.198 0.337 0.087
6 0.298 0.118 0.358 0.181
7 0.832 0.77 0.335 0.46
7 0.545 0.88 0.345 0.224
7 0.542 0.653 0.35 0.477
0 0.069 0.598 0.059 0.215
0 0.289 0.487 0.365 0.773
0 0.303 0.092 0.343 0.106
5 0.778 0.611 0.072 0.041
