1 0.531 0.698 0.123 0.071
1 0.562 0.649 0.16 0.09
1 0.713 0.515 0.207 0.184
1 0.283 0.524 0.567 0.1
1 0.91 0.522 0.083 0.056
1 0.86 0.518 0.1 0.099
2 0.779 0.505 0.076 0.102
5 0.788 0.451 0.075 0.054
1 0.781 0.499 0.074 0.089
1 0.633 0.385 0.198 0.101
1 0.587 0.457 0.048 0.054
1 0.641 0.39 0.12 0.048
1 0.686 0.423 0.227 0.068
1 0.682 0.518 0.119 0.138
1 0.489 0.63 0.3 0.335
1 0.688 0.521 0.1 0.116
1 0.463 0.459 0.11 0.037
1 0.727 0.57 0.13 0.056
1 0.739 0.655 0.224 0.131
1 0.75 0.654 0.172 0.13
1 0.119 0.556 0.107 0.15
1 0.129 0.63 0.187 0.256
1 0.178 0.656 0.057 0.042
1 0.259 0.534 0.375 0.568
