7 0.044 0.187 0.089 0.125
7 0.944 0.954 0.111 0.092
7 0.167 0.293 0.333 0.238
7 0.08 0.396 0.16 0.262
6 0.202 0.505 0.122 0.191
0 0.23 0.474 0.067 0.058
6 0.214 0.437 0.067 0.054
7 0.206 0.342 0.273 0.321
7 0.384 0.237 0.112 0.136
7 0.479 0.27 0.318 0.206
7 0.444 0.513 0.578 0.428
5 0.535 0.383 0.068 0.088
7 0.527 0.76 0.389 0.359
7 0.705 0.854 0.051 0.291
1 0.661 0.703 0.131 0.049
7 0.766 0.55 0.426 0.334
7 0.85 0.74 0.299 0.52
7 0.469 0.327 0.125 0.04
2 0.484 0.364 0.085 0.055
7 0.501 0.405 0.115 0.045
5 0.518 0.225 0.127 0.105
5 0.569 0.28 0.061 0.045
