7 0.543 0.48 0.171 0.354
7 0.372 0.729 0.262 0.234
1 0.302 0.469 0.398 0.4
5 0.387 0.383 0.069 0.1
5 0.299 0.516 0.121 0.267
1 0.289 0.622 0.039 0.013
5 0.222 0.596 0.056 0.069
0 0.392 0.441 0.092 0.091
5 0.388 0.477 0.076 0.085
5 0.27 0.494 0.087 0.188
7 0.337 0.545 0.13 0.202
5 0.432 0.554 0.185 0.294
5 0.333 0.353 0.095 0.062
5 0.229 0.484 0.089 0.188
5 0.273 0.389 0.044 0.021
5 0.301 0.399 0.043 0.037
5 0.248 0.392 0.067 0.079
5 0.22 0.474 0.045 0.081
7 0.472 0.574 0.122 0.188
7 0.717 0.491 0.032 0.062
5 0.7 0.536 0.023 0.078
5 0.552 0.578 0.049 0.071
2 0.58 0.389 0.09 0.089
