7 0.799 0.244 0.188 0.244
0 0.558 0.465 0.04 0.045
7 0.675 0.38 0.286 0.303
7 0.43 0.358 0.239 0.407
5 0.209 0.553 0.093 0.123
7 0.24 0.476 0.129 0.198
7 0.231 0.53 0.06 0.044
5 0.235 0.551 0.075 0.093
5 0.192 0.634 0.12 0.067
2 0.133 0.741 0.052 0.072
6 0.188 0.715 0.063 0.079
7 0.007 0.552 0.014 0.144
5 0.043 0.686 0.087 0.165
0 0.147 0.664 0.024 0.035
5 0.09 0.729 0.101 0.151
6 0.033 0.817 0.066 0.104
7 0.039 0.882 0.079 0.089
6 0.126 0.934 0.087 0.132
6 0.098 0.936 0.195 0.12
5 0.137 0.862 0.098 0.17
7 0.321 0.74 0.35 0.52
0 0.482 0.238 0.043 0.08
7 0.441 0.226 0.05 0.073
7 0.08 0.503 0.155 0.17
5 0.095 0.42 0.083 0.065
1 0.075 0.755 0.065 0.079
