6 0.348 0.427 0.034 0.083
1 0.617 0.213 0.2 0.139
1 0.611 0.205 0.129 0.151
7 0.449 0.173 0.196 0.137
0 0.371 0.153 0.039 0.05
6 0.545 0.377 0.378 0.311
3 0.244 0.534 0.222 0.196
7 0.522 0.654 0.476 0.401
7 0.18 0.794 0.336 0.384
5 0.239 0.946 0.125 0.059
5 0.574 0.398 0.167 0.059
3 0.333 0.668 0.113 0.087
5 0.274 0.762 0.139 0.213
5 0.203 0.738 0.219 0.271
5 0.171 0.861 0.108 0.101
5 0.239 0.794 0.08 0.074
5 0.225 0.911 0.072 0.076
5 0.286 0.918 0.051 0.037
5 0.273 0.892 0.052 0.046
2 0.07 0.79 0.112 0.149
