5 0.515 0.285 0.068 0.104
7 0.549 0.393 0.05 0.13
1 0.687 0.579 0.154 0.189
1 0.618 0.638 0.12 0.065
1 0.621 0.534 0.225 0.154
7 0.533 0.577 0.04 0.064
1 0.487 0.481 0.041 0.063
5 0.504 0.433 0.046 0.109
5 0.524 0.354 0.047 0.113
0 0.537 0.456 0.021 0.293
1 0.702 0.395 0.115 0.279
7 0.495 0.582 0.071 0.217
1 0.685 0.518 0.062 0.116
5 0.485 0.331 0.048 0.091
7 0.601 0.525 0.13 0.115
1 0.652 0.465 0.115 0.067
5 0.565 0.466 0.08 0.077
5 0.704 0.396 0.046 0.104
1 0.62 0.356 0.147 0.181
1 0.596 0.271 0.105 0.165
1 0.589 0.717 0.066 0.076
1 0.628 0.74 0.071 0.061
1 0.658 0.675 0.107 0.096
0 0.569 0.672 0.102 0.147
1 0.504 0.528 0.043 0.035
0 0.506 0.548 0.034 0.059
7 0.343 0.6 0.272 0.464
7 0.34 0.408 0.045 0.057
1 0.702 0.3 0.119 0.135
