6 0.585 0.445 0.089 0.086
6 0.524 0.474 0.086 0.047
6 0.451 0.422 0.183 0.122
6 0.524 0.384 0.229 0.14
6 0.495 0.278 0.292 0.233
6 0.519 0.128 0.152 0.219
6 0.48 0.148 0.171 0.175
7 0.301 0.701 0.374 0.598
7 0.654 0.719 0.428 0.562
5 0.47 0.831 0.035 0.067
5 0.507 0.905 0.106 0.11
5 0.605 0.903 0.183 0.124
5 0.536 0.818 0.051 0.09
0 0.535 0.924 0.169 0.079
5 0.583 0.822 0.093 0.148
5 0.763 0.815 0.076 0.094
5 0.667 0.804 0.148 0.085
5 0.649 0.693 0.071 0.141
5 0.715 0.858 0.096 0.032
5 0.806 0.759 0.091 0.14
5 0.755 0.682 0.088 0.2
5 0.493 0.805 0.063 0.099
