7 0.066 0.568 0.131 0.277
7 0.229 0.413 0.208 0.411
7 0.166 0.64 0.153 0.316
7 0.542 0.57 0.336 0.411
5 0.316 0.474 0.193 0.126
5 0.441 0.51 0.064 0.183
5 0.384 0.491 0.067 0.094
7 0.81 0.526 0.23 0.2
5 0.837 0.241 0.036 0.017
5 0.842 0.255 0.035 0.027
5 0.781 0.356 0.038 0.067
5 0.803 0.292 0.059 0.092
7 0.635 0.312 0.371 0.277
5 0.849 0.765 0.197 0.098
5 0.678 0.537 0.171 0.219
7 0.677 0.729 0.183 0.292
5 0.595 0.563 0.167 0.26
5 0.475 0.362 0.15 0.372
7 0.871 0.398 0.256 0.299
5 0.906 0.421 0.12 0.074
5 0.894 0.37 0.121 0.11
0 0.989 0.396 0.021 0.053
7 0.352 0.7 0.209 0.359
