1 0.213 0.296 0.019 0.062
7 0.203 0.333 0.025 0.069
0 0.17 0.263 0.062 0.173
0 0.188 0.234 0.049 0.073
0 0.098 0.344 0.143 0.111
1 0.142 0.409 0.132 0.034
7 0.149 0.408 0.073 0.053
1 0.165 0.389 0.046 0.047
0 0.173 0.325 0.022 0.127
7 0.26 0.414 0.108 0.202
7 0.969 0.305 0.062 0.129
1 0.951 0.269 0.03 0.047
1 0.946 0.266 0.023 0.052
1 0.939 0.25 0.024 0.063
1 0.933 0.242 0.028 0.061
7 0.742 0.165 0.116 0.162
1 0.799 0.213 0.091 0.074
7 0.675 0.237 0.108 0.055
7 0.993 0.431 0.014 0.126
7 0.889 0.278 0.188 0.148
1 0.984 0.56 0.032 0.133
7 0.914 0.392 0.171 0.205
7 0.981 0.542 0.037 0.149
7 0.74 0.32 0.219 0.154
1 0.727 0.397 0.128 0.089
7 0.907 0.516 0.173 0.244
7 0.911 0.541 0.026 0.175
7 0.902 0.599 0.032 0.042
7 0.594 0.202 0.083 0.103
7 0.62 0.498 0.09 0.112
7 0.778 0.512 0.262 0.267
7 0.568 0.302 0.273 0.432
7 0.513 0.39 0.071 0.06
6 0.53 0.468 0.123 0.11
7 0.397 0.365 0.182 0.369
0 0.98 0.694 0.039 0.023
0 0.956 0.701 0.052 0.027
0 0.904 0.678 0.055 0.02
0 0.769 0.656 0.069 0.028
