5 0.645 0.134 0.042 0.157
7 0.779 0.079 0.226 0.157
1 0.806 0.413 0.044 0.174
1 0.815 0.4 0.073 0.147
0 0.847 0.326 0.105 0.063
6 0.723 0.204 0.175 0.187
0 0.74 0.203 0.055 0.177
0 0.777 0.202 0.062 0.193
1 0.562 0.269 0.058 0.04
1 0.644 0.474 0.012 0.064
7 0.696 0.626 0.113 0.227
1 0.726 0.42 0.155 0.267
1 0.86 0.128 0.059 0.197
1 0.865 0.737 0.251 0.462
1 0.916 0.698 0.049 0.053
1 0.868 0.614 0.146 0.171
1 0.784 0.572 0.03 0.07
1 0.893 0.575 0.027 0.044
4 0.894 0.727 0.061 0.092
0 0.418 0.344 0.055 0.046
7 0.249 0.319 0.346 0.546
1 0.88 0.687 0.181 0.194
0 0.898 0.166 0.077 0.331
1 0.598 0.347 0.229 0.249
1 0.541 0.517 0.198 0.507
0 0.015 0.739 0.031 0.148
