1 0.925 0.601 0.149 0.257
1 0.905 0.706 0.19 0.121
2 0.935 0.708 0.041 0.036
1 0.829 0.552 0.054 0.144
1 0.872 0.672 0.054 0.036
1 0.819 0.533 0.158 0.297
2 0.886 0.695 0.076 0.05
1 0.526 0.624 0.444 0.471
1 0.843 0.783 0.314 0.204
1 0.801 0.657 0.124 0.078
1 0.796 0.675 0.107 0.095
1 0.711 0.571 0.052 0.175
1 0.685 0.577 0.048 0.129
1 0.501 0.529 0.364 0.246
1 0.492 0.501 0.085 0.072
2 0.492 0.561 0.107 0.06
1 0.621 0.461 0.16 0.281
1 0.412 0.454 0.156 0.258
5 0.541 0.378 0.12 0.121
1 0.541 0.38 0.108 0.068
0 0.53 0.289 0.043 0.142
6 0.955 0.578 0.089 0.207
0 0.335 0.643 0.061 0.051
0 0.726 0.698 0.029 0.063
2 0.92 0.797 0.066 0.022
