0 0.649 0.97 0.197 0.06
0 0.795 0.944 0.225 0.111
0 0.719 0.858 0.157 0.147
0 0.659 0.887 0.14 0.143
0 0.506 0.941 0.177 0.098
1 0.399 0.794 0.469 0.294
0 0.404 0.853 0.063 0.05
4 0.503 0.693 0.065 0.061
5 0.404 0.716 0.166 0.085
1 0.346 0.783 0.065 0.063
1 0.422 0.764 0.207 0.112
1 0.464 0.772 0.277 0.129
3 0.816 0.598 0.154 0.267
3 0.694 0.544 0.223 0.376
1 0.612 0.438 0.395 0.418
6 0.369 0.626 0.431 0.227
6 0.086 0.649 0.172 0.159
6 0.147 0.59 0.253 0.178
1 0.39 0.428 0.036 0.085
5 0.625 0.657 0.045 0.024
