0 0.413 0.418 0.212 0.106
0 0.487 0.417 0.153 0.105
5 0.154 0.111 0.129 0.082
0 0.123 0.18 0.246 0.194
1 0.152 0.856 0.077 0.073
0 0.098 0.821 0.116 0.122
0 0.039 0.718 0.058 0.104
0 0.102 0.765 0.061 0.063
7 0.185 0.716 0.149 0.12
0 0.093 0.714 0.073 0.093
7 0.103 0.548 0.207 0.241
0 0.287 0.407 0.261 0.284
0 0.448 0.387 0.086 0.069
0 0.091 0.82 0.181 0.36
1 0.229 0.552 0.043 0.024
1 0.161 0.345 0.321 0.429
5 0.273 0.239 0.101 0.079
5 0.205 0.171 0.07 0.077
7 0.797 0.43 0.122 0.168
5 0.592 0.44 0.097 0.059
0 0.517 0.414 0.084 0.049
7 0.811 0.551 0.374 0.109
5 0.796 0.556 0.283 0.056
5 0.345 0.593 0.085 0.092
5 0.558 0.632 0.109 0.04
0 0.325 0.839 0.288 0.224
5 0.346 0.712 0.107 0.081
0 0.673 0.739 0.08 0.089
9 0.551 0.733 0.251 0.172
0 0.557 0.273 0.206 0.123
0 0.737 0.29 0.202 0.166
1 0.537 0.32 0.487 0.291
0 0.512 0.322 0.449 0.191
9 0.568 0.509 0.345 0.134
5 0.263 0.618 0.189 0.137
