5 0.939 0.252 0.115 0.053
1 0.912 0.247 0.108 0.053
1 0.801 0.235 0.061 0.027
1 0.829 0.248 0.044 0.019
6 0.556 0.15 0.533 0.298
6 0.679 0.406 0.641 0.418
7 0.478 0.576 0.358 0.303
7 0.259 0.774 0.456 0.216
7 0.526 0.827 0.214 0.275
7 0.715 0.799 0.275 0.291
7 0.18 0.303 0.361 0.606
2 0.059 0.035 0.118 0.071
1 0.053 0.039 0.107 0.064
0 0.122 0.18 0.244 0.267
2 0.038 0.938 0.075 0.081
0 0.077 0.591 0.153 0.092
2 0.541 0.429 0.054 0.041
5 0.573 0.421 0.042 0.024
0 0.109 0.144 0.198 0.137
5 0.099 0.029 0.047 0.059
7 0.202 0.048 0.126 0.054
5 0.165 0.018 0.041 0.012
