1 0.551 0.419 0.075 0.084
7 0.35 0.116 0.104 0.14
7 0.035 0.123 0.07 0.18
7 0.007 0.169 0.015 0.049
7 0.199 0.105 0.248 0.211
7 0.174 0.084 0.251 0.169
7 0.051 0.187 0.102 0.111
7 0.183 0.291 0.251 0.381
7 0.036 0.246 0.073 0.14
7 0.064 0.448 0.127 0.423
7 0.026 0.756 0.051 0.214
7 0.395 0.232 0.201 0.243
7 0.299 0.38 0.108 0.227
7 0.386 0.334 0.098 0.145
6 0.441 0.405 0.145 0.117
1 0.25 0.562 0.117 0.207
1 0.249 0.515 0.096 0.172
7 0.781 0.513 0.421 0.24
6 0.519 0.481 0.15 0.108
7 0.422 0.559 0.261 0.238
5 0.524 0.902 0.047 0.178
7 0.327 0.733 0.283 0.254
5 0.471 0.892 0.106 0.215
5 0.394 0.775 0.112 0.078
3 0.456 0.866 0.062 0.104
5 0.43 0.797 0.078 0.091
5 0.398 0.909 0.09 0.178
5 0.358 0.873 0.095 0.209
5 0.457 0.777 0.041 0.058
9 0.669 0.529 0.134 0.142
9 0.725 0.367 0.273 0.294
0 0.547 0.421 0.017 0.047
