0 0.148 0.863 0.296 0.274
5 0.266 0.459 0.533 0.347
7 0.148 0.087 0.295 0.174
5 0.395 0.229 0.227 0.179
5 0.378 0.25 0.23 0.15
7 0.17 0.255 0.34 0.363
7 0.38 0.945 0.276 0.109
0 0.372 0.827 0.224 0.198
0 0.693 0.919 0.375 0.162
7 0.48 0.751 0.33 0.201
7 0.81 0.863 0.38 0.244
0 0.965 0.411 0.07 0.066
2 0.807 0.454 0.213 0.192
0 0.904 0.307 0.125 0.117
5 0.844 0.391 0.158 0.084
5 0.878 0.666 0.242 0.22
5 0.426 0.596 0.407 0.166
7 0.815 0.516 0.37 0.178
1 0.615 0.248 0.587 0.367
5 0.507 0.43 0.287 0.165
0 0.383 0.43 0.072 0.016
1 0.615 0.372 0.182 0.055
5 0.96 0.535 0.079 0.121
5 0.606 0.516 0.345 0.176
5 0.627 0.698 0.296 0.225
