6 0.332 0.438 0.047 0.017
6 0.319 0.325 0.026 0.044
6 0.308 0.287 0.051 0.033
6 0.335 0.316 0.016 0.05
6 0.306 0.246 0.053 0.049
6 0.669 0.476 0.058 0.063
6 0.296 0.203 0.058 0.038
6 0.047 0.187 0.094 0.019
6 0.08 0.16 0.159 0.038
6 0.088 0.126 0.177 0.039
6 0.088 0.09 0.176 0.039
6 0.238 0.16 0.16 0.048
6 0.244 0.135 0.142 0.014
6 0.244 0.123 0.141 0.015
6 0.26 0.084 0.179 0.065
6 0.286 0.036 0.154 0.042
0 0.32 0.017 0.075 0.033
6 0.149 0.242 0.299 0.15
6 0.275 0.418 0.131 0.141
6 0.201 0.335 0.222 0.089
5 0.253 0.948 0.076 0.103
5 0.19 0.915 0.152 0.169
5 0.126 0.864 0.252 0.271
5 0.12 0.749 0.239 0.304
5 0.109 0.61 0.217 0.293
6 0.544 0.883 0.322 0.234
0 0.306 0.392 0.051 0.079
6 0.525 0.864 0.328 0.159
0 0.478 0.473 0.436 0.946
6 0.526 0.823 0.224 0.083
6 0.51 0.718 0.342 0.137
6 0.506 0.655 0.287 0.082
6 0.492 0.607 0.304 0.107
6 0.488 0.498 0.305 0.154
6 0.49 0.454 0.27 0.083
6 0.474 0.42 0.299 0.03
6 0.485 0.39 0.295 0.057
6 0.479 0.383 0.297 0.031
6 0.462 0.347 0.334 0.069
6 0.476 0.287 0.292 0.132
6 0.472 0.225 0.292 0.045
6 0.446 0.137 0.278 0.175
6 0.663 0.559 0.057 0.272
6 0.647 0.372 0.052 0.188
0 0.13 0.124 0.012 0.035
0 0.236 0.426 0.052 0.098
