1 0.175 0.504 0.217 0.182
1 0.212 0.404 0.222 0.197
1 0.158 0.419 0.2 0.17
5 0.541 0.379 0.191 0.361
0 0.372 0.845 0.274 0.229
7 0.206 0.593 0.235 0.321
7 0.065 0.87 0.13 0.259
7 0.164 0.878 0.184 0.243
7 0.255 0.97 0.181 0.058
7 0.403 0.787 0.237 0.345
5 0.438 0.241 0.317 0.321
7 0.395 0.55 0.215 0.402
7 0.769 0.28 0.337 0.439
0 0.751 0.137 0.014 0.039
1 0.816 0.185 0.143 0.103
4 0.795 0.22 0.054 0.077
7 0.703 0.217 0.117 0.135
5 0.748 0.235 0.075 0.103
5 0.698 0.22 0.049 0.074
1 0.68 0.306 0.114 0.101
1 0.739 0.239 0.072 0.072
7 0.569 0.237 0.061 0.061
7 0.372 0.113 0.063 0.07
7 0.382 0.138 0.108 0.114
1 0.169 0.34 0.202 0.186
5 0.331 0.897 0.032 0.055
