0 0.657 0.021 0.11 0.042
7 0.545 0.04 0.086 0.057
5 0.625 0.033 0.124 0.053
0 0.545 0.07 0.051 0.022
7 0.593 0.163 0.265 0.254
0 0.603 0.023 0.085 0.045
0 0.616 0.368 0.342 0.234
0 0.767 0.514 0.154 0.058
0 0.764 0.494 0.147 0.07
7 0.495 0.451 0.172 0.072
7 0.512 0.437 0.096 0.016
7 0.65 0.576 0.085 0.148
7 0.744 0.596 0.144 0.162
1 0.608 0.593 0.053 0.11
1 0.379 0.827 0.458 0.254
0 0.545 0.821 0.066 0.042
1 0.543 0.782 0.086 0.023
1 0.584 0.798 0.018 0.103
1 0.477 0.713 0.29 0.141
1 0.384 0.79 0.264 0.093
1 0.517 0.497 0.207 0.084
1 0.244 0.752 0.092 0.073
1 0.354 0.795 0.121 0.045
2 0.3 0.805 0.046 0.023
2 0.354 0.784 0.061 0.067
0 0.419 0.796 0.054 0.048
1 0.455 0.791 0.062 0.059
1 0.468 0.816 0.045 0.012
0 0.374 0.779 0.098 0.082
0 0.374 0.755 0.111 0.027
1 0.367 0.616 0.485 0.302
