5 0.468 0.67 0.06 0.073
5 0.197 0.795 0.073 0.156
5 0.249 0.814 0.123 0.179
5 0.23 0.564 0.327 0.232
5 0.248 0.941 0.133 0.114
5 0.27 0.701 0.117 0.086
5 0.487 0.625 0.105 0.147
5 0.37 0.474 0.374 0.421
5 0.421 0.325 0.039 0.033
5 0.486 0.355 0.105 0.088
0 0.461 0.368 0.074 0.099
5 0.512 0.438 0.021 0.058
5 0.568 0.466 0.107 0.214
5 0.358 0.731 0.202 0.464
5 0.474 0.778 0.173 0.189
5 0.631 0.565 0.177 0.416
1 0.679 0.268 0.061 0.07
5 0.904 0.129 0.029 0.038
7 0.972 0.122 0.056 0.113
1 0.985 0.205 0.03 0.063
1 0.97 0.235 0.06 0.158
1 0.828 0.233 0.254 0.362
1 0.68 0.118 0.129 0.123
2 0.804 0.139 0.18 0.231
1 0.551 0.342 0.394 0.083
5 0.444 0.266 0.465 0.107
0 0.393 0.294 0.048 0.055
5 0.515 0.156 0.443 0.213
1 0.86 0.34 0.153 0.103
1 0.857 0.424 0.285 0.311
5 0.738 0.432 0.102 0.511
0 0.841 0.448 0.136 0.087
