7 0.047 0.008 0.095 0.016
7 0.038 0.227 0.077 0.206
7 0.114 0.249 0.098 0.096
6 0.233 0.257 0.249 0.174
6 0.129 0.108 0.257 0.193
6 0.117 0.007 0.151 0.013
6 0.316 0.089 0.195 0.177
7 0.532 0.029 0.242 0.058
7 0.714 0.104 0.106 0.208
6 0.132 0.512 0.232 0.407
6 0.244 0.511 0.197 0.409
6 0.381 0.299 0.094 0.171
6 0.308 0.596 0.156 0.447
6 0.389 0.607 0.207 0.452
6 0.479 0.614 0.074 0.361
6 0.585 0.618 0.207 0.338
0 0.218 0.51 0.134 0.406
6 0.815 0.49 0.279 0.606
0 0.494 0.375 0.793 0.087
7 0.57 0.234 0.436 0.46
0 0.972 0.277 0.055 0.054
0 0.091 0.626 0.113 0.154
0 0.404 0.756 0.126 0.033
0 0.725 0.622 0.058 0.344
