0 0.043 0.132 0.086 0.263
7 0.441 0.447 0.883 0.547
0 0.734 0.589 0.132 0.154
0 0.479 0.619 0.167 0.198
3 0.45 0.483 0.065 0.246
0 0.505 0.393 0.092 0.16
0 0.519 0.636 0.062 0.14
0 0.532 0.582 0.053 0.046
6 0.554 0.509 0.255 0.134
6 0.597 0.627 0.174 0.149
3 0.731 0.51 0.088 0.104
7 0.414 0.485 0.06 0.173
0 0.479 0.309 0.039 0.144
6 0.573 0.259 0.22 0.095
6 0.76 0.261 0.158 0.136
5 0.234 0.373 0.113 0.171
0 0.335 0.412 0.136 0.346
0 0.356 0.383 0.073 0.204
0 0.402 0.602 0.201 0.181
0 0.206 0.352 0.265 0.353
0 0.219 0.269 0.041 0.062
