1 0.537 0.417 0.26 0.099
1 0.293 0.497 0.345 0.246
0 0.244 0.524 0.092 0.049
3 0.872 0.258 0.027 0.025
3 0.475 0.294 0.037 0.044
3 0.461 0.327 0.029 0.031
3 0.485 0.393 0.038 0.029
3 0.284 0.498 0.11 0.09
3 0.401 0.335 0.024 0.029
3 0.589 0.286 0.075 0.045
3 0.386 0.365 0.034 0.034
3 0.374 0.333 0.046 0.032
3 0.367 0.346 0.04 0.038
3 0.256 0.388 0.085 0.036
3 0.298 0.351 0.117 0.044
3 0.088 0.5 0.066 0.062
3 0.123 0.482 0.08 0.054
3 0.626 0.339 0.08 0.068
3 0.612 0.373 0.08 0.032
3 0.588 0.388 0.054 0.036
3 0.55 0.39 0.047 0.036
3 0.587 0.353 0.05 0.045
3 0.539 0.267 0.04 0.038
3 0.591 0.265 0.093 0.063
3 0.507 0.273 0.045 0.029
3 0.536 0.298 0.098 0.033
3 0.544 0.328 0.093 0.033
3 0.52 0.347 0.107 0.068
3 0.152 0.523 0.153 0.096
3 0.041 0.483 0.081 0.062
3 0.084 0.449 0.07 0.042
3 0.145 0.44 0.074 0.067
3 0.197 0.443 0.081 0.072
3 0.188 0.406 0.061 0.041
3 0.234 0.426 0.072 0.066
3 0.393 0.314 0.034 0.021
3 0.428 0.318 0.043 0.057
3 0.487 0.365 0.103 0.056
3 0.393 0.414 0.131 0.052
3 0.328 0.433 0.135 0.064
9 0.3 0.449 0.103 0.067
9 0.327 0.38 0.107 0.051
3 0.435 0.377 0.089 0.059
3 0.829 0.273 0.067 0.045
1 0.035 0.635 0.07 0.081
3 0.057 0.594 0.114 0.035
