2 0.645 0.651 0.028 0.044
7 0.309 0.379 0.055 0.099
1 0.2 0.501 0.117 0.18
1 0.279 0.557 0.155 0.079
7 0.186 0.604 0.039 0.071
7 0.698 0.357 0.162 0.157
1 0.807 0.503 0.194 0.248
7 0.682 0.529 0.225 0.292
7 0.559 0.38 0.141 0.201
7 0.493 0.431 0.135 0.121
7 0.843 0.343 0.073 0.09
1 0.811 0.387 0.112 0.09
1 0.847 0.421 0.072 0.036
7 0.495 0.601 0.303 0.317
1 0.287 0.702 0.118 0.116
1 0.267 0.608 0.154 0.061
7 0.267 0.614 0.154 0.101
6 0.208 0.408 0.087 0.131
0 0.173 0.411 0.011 0.056
0 0.197 0.418 0.038 0.059
7 0.293 0.457 0.088 0.144
0 0.167 0.463 0.044 0.098
7 0.805 0.376 0.052 0.027
