1 0.199 0.362 0.049 0.042
7 0.175 0.602 0.03 0.039
1 0.723 0.335 0.045 0.032
1 0.697 0.284 0.034 0.038
1 0.4 0.924 0.104 0.138
1 0.355 0.909 0.069 0.064
7 0.289 0.88 0.031 0.116
5 0.277 0.69 0.049 0.056
1 0.295 0.707 0.04 0.064
1 0.291 0.749 0.044 0.082
5 0.538 0.92 0.144 0.159
5 0.61 0.83 0.039 0.056
5 0.644 0.88 0.06 0.097
5 0.718 0.855 0.047 0.057
6 0.66 0.609 0.055 0.06
1 0.646 0.708 0.105 0.186
1 0.595 0.563 0.07 0.063
1 0.84 0.57 0.2 0.203
2 0.81 0.461 0.072 0.045
6 0.863 0.468 0.121 0.06
1 0.905 0.366 0.049 0.032
1 0.971 0.498 0.042 0.036
0 0.947 0.347 0.055 0.054
1 0.982 0.434 0.035 0.05
7 0.974 0.379 0.046 0.062
1 0.68 0.268 0.054 0.047
1 0.626 0.366 0.055 0.037
1 0.65 0.386 0.04 0.059
7 0.661 0.438 0.24 0.119
7 0.751 0.34 0.067 0.084
1 0.588 0.431 0.019 0.037
1 0.437 0.527 0.356 0.374
1 0.208 0.539 0.114 0.175
1 0.288 0.543 0.16 0.093
1 0.388 0.444 0.339 0.213
1 0.349 0.407 0.426 0.353
1 0.361 0.297 0.332 0.354
7 0.466 0.698 0.279 0.391
7 0.389 0.589 0.067 0.094
7 0.604 0.106 0.084 0.11
