5 0.037 0.606 0.073 0.06
5 0.036 0.595 0.072 0.048
5 0.036 0.591 0.071 0.048
5 0.035 0.583 0.07 0.056
7 0.074 0.242 0.053 0.058
7 0.032 0.286 0.064 0.099
7 0.124 0.342 0.248 0.314
7 0.314 0.306 0.166 0.227
7 0.155 0.504 0.174 0.221
7 0.585 0.459 0.089 0.057
7 0.472 0.332 0.169 0.268
7 0.376 0.386 0.079 0.083
7 0.408 0.498 0.09 0.178
7 0.272 0.575 0.27 0.374
1 0.584 0.483 0.083 0.08
1 0.503 0.466 0.108 0.168
2 0.548 0.569 0.088 0.043
7 0.44 0.606 0.199 0.319
5 0.687 0.448 0.11 0.083
6 0.793 0.619 0.379 0.408
1 0.85 0.471 0.119 0.131
1 0.778 0.495 0.189 0.122
0 0.875 0.611 0.041 0.068
7 0.874 0.571 0.071 0.075
1 0.792 0.578 0.158 0.139
0 0.792 0.608 0.378 0.196
