5 0.116 0.538 0.231 0.366
6 0.281 0.6 0.161 0.11
4 0.144 0.621 0.237 0.171
5 0.146 0.403 0.2 0.133
5 0.198 0.415 0.074 0.113
2 0.141 0.415 0.124 0.091
7 0.357 0.417 0.287 0.31
6 0.228 0.695 0.156 0.098
5 0.188 0.677 0.065 0.071
4 0.333 0.66 0.066 0.06
0 0.639 0.64 0.08 0.054
5 0.099 0.755 0.199 0.116
4 0.854 0.47 0.158 0.112
5 0.915 0.584 0.169 0.19
5 0.75 0.706 0.431 0.261
5 0.413 0.739 0.438 0.206
5 0.408 0.466 0.286 0.436
5 0.903 0.429 0.193 0.123
5 0.773 0.334 0.072 0.093
5 0.758 0.552 0.201 0.142
2 0.629 0.451 0.363 0.319
5 0.291 0.956 0.079 0.06
