1 0.425 0.498 0.015 0.045
1 0.463 0.292 0.042 0.054
7 0.013 0.32 0.026 0.135
7 0.075 0.482 0.149 0.265
1 0.148 0.646 0.224 0.259
1 0.486 0.673 0.053 0.07
1 0.34 0.651 0.323 0.277
1 0.469 0.428 0.043 0.072
1 0.152 0.631 0.115 0.121
1 0.441 0.448 0.03 0.062
1 0.505 0.429 0.046 0.083
1 0.477 0.525 0.091 0.129
1 0.922 0.35 0.156 0.137
1 0.788 0.252 0.123 0.174
1 0.303 0.477 0.327 0.483
1 0.941 0.571 0.118 0.319
1 0.611 0.235 0.328 0.319
1 0.591 0.244 0.193 0.187
1 0.581 0.574 0.147 0.385
1 0.744 0.351 0.154 0.058
1 0.762 0.537 0.229 0.284
1 0.772 0.47 0.225 0.304
1 0.588 0.394 0.119 0.118
1 0.49 0.822 0.21 0.289
1 0.418 0.323 0.025 0.053
