5 0.482 0.278 0.134 0.158
4 0.94 0.554 0.119 0.251
6 0.91 0.883 0.132 0.13
0 0.557 0.735 0.093 0.118
2 0.395 0.411 0.27 0.368
2 0.362 0.726 0.237 0.276
7 0.645 0.836 0.25 0.137
7 0.599 0.932 0.221 0.095
0 0.524 0.964 0.09 0.071
5 0.872 0.919 0.245 0.161
0 0.945 0.878 0.109 0.15
0 0.804 0.535 0.244 0.422
5 0.971 0.425 0.058 0.203
2 0.229 0.39 0.197 0.251
5 0.658 0.265 0.18 0.303
0 0.564 0.246 0.077 0.115
1 0.372 0.461 0.177 0.23
2 0.676 0.61 0.281 0.346
5 0.768 0.518 0.182 0.248
1 0.748 0.975 0.032 0.049
