7 0.857 0.431 0.286 0.395
7 0.087 0.3 0.051 0.158
7 0.062 0.228 0.125 0.365
7 0.107 0.609 0.214 0.469
7 0.245 0.508 0.336 0.701
0 0.132 0.188 0.068 0.043
0 0.139 0.23 0.045 0.07
7 0.203 0.17 0.075 0.077
7 0.69 0.614 0.156 0.256
7 0.801 0.691 0.279 0.386
2 0.727 0.601 0.091 0.112
5 0.821 0.606 0.127 0.205
7 0.771 0.688 0.224 0.136
7 0.553 0.418 0.25 0.287
7 0.501 0.58 0.367 0.566
2 0.372 0.38 0.049 0.067
7 0.434 0.359 0.033 0.042
7 0.46 0.318 0.039 0.097
7 0.48 0.337 0.044 0.061
6 0.953 0.602 0.094 0.138
