0 0.206 0.748 0.088 0.112
1 0.953 0.616 0.094 0.166
0 0.976 0.685 0.032 0.049
1 0.431 0.439 0.863 0.172
6 0.763 0.658 0.263 0.298
1 0.579 0.574 0.025 0.053
1 0.595 0.719 0.097 0.269
0 0.617 0.713 0.056 0.144
1 0.481 0.534 0.075 0.05
1 0.707 0.637 0.255 0.294
1 0.408 0.701 0.325 0.328
1 0.412 0.715 0.234 0.12
1 0.472 0.581 0.062 0.082
1 0.418 0.624 0.098 0.08
1 0.355 0.718 0.063 0.07
1 0.483 0.672 0.228 0.157
0 0.135 0.89 0.025 0.054
1 0.029 0.646 0.057 0.287
0 0.175 0.821 0.048 0.044
0 0.111 0.752 0.188 0.148
0 0.085 0.81 0.147 0.158
1 0.257 0.484 0.38 0.421
1 0.205 0.554 0.241 0.308
0 0.194 0.486 0.067 0.095
