1 0.726 0.216 0.207 0.193
1 0.749 0.235 0.112 0.087
7 0.493 0.194 0.13 0.139
1 0.625 0.35 0.243 0.347
7 0.119 0.353 0.238 0.402
1 0.248 0.529 0.084 0.078
5 0.505 0.389 0.101 0.058
1 0.513 0.526 0.21 0.168
7 0.216 0.224 0.263 0.402
5 0.673 0.899 0.235 0.202
5 0.145 0.856 0.193 0.09
1 0.406 0.708 0.363 0.39
5 0.169 0.948 0.297 0.103
7 0.128 0.669 0.257 0.457
6 0.326 0.306 0.381 0.445
1 0.382 0.587 0.208 0.334
1 0.361 0.547 0.084 0.088
7 0.394 0.538 0.057 0.048
1 0.515 0.451 0.167 0.069
7 0.657 0.316 0.165 0.262
7 0.781 0.517 0.285 0.318
2 0.738 0.549 0.053 0.066
5 0.7 0.525 0.094 0.114
1 0.569 0.374 0.078 0.071
0 0.55 0.357 0.055 0.122
1 0.306 0.703 0.073 0.062
