7 0.595 0.562 0.027 0.069
1 0.583 0.511 0.028 0.05
5 0.585 0.509 0.023 0.034
5 0.57 0.556 0.051 0.08
7 0.548 0.25 0.214 0.311
1 0.652 0.67 0.115 0.154
7 0.775 0.435 0.109 0.121
7 0.781 0.492 0.09 0.185
1 0.518 0.845 0.158 0.232
1 0.567 0.687 0.186 0.24
1 0.563 0.735 0.123 0.112
6 0.512 0.691 0.062 0.067
7 0.481 0.829 0.052 0.087
7 0.561 0.82 0.009 0.033
7 0.554 0.825 0.015 0.04
1 0.464 0.781 0.02 0.072
7 0.53 0.858 0.055 0.03
2 0.522 0.831 0.072 0.048
7 0.519 0.768 0.116 0.118
7 0.409 0.37 0.284 0.392
7 0.669 0.467 0.161 0.272
5 0.762 0.652 0.1 0.086
