0 0.503 0.405 0.063 0.108
7 0.47 0.677 0.387 0.391
1 0.365 0.348 0.42 0.409
1 0.751 0.271 0.052 0.065
1 0.785 0.151 0.072 0.12
1 0.779 0.221 0.06 0.068
1 0.826 0.287 0.08 0.098
2 0.836 0.224 0.071 0.1
1 0.981 0.283 0.036 0.076
1 0.921 0.392 0.157 0.275
2 0.883 0.24 0.065 0.055
1 0.886 0.166 0.228 0.276
7 0.902 0.087 0.196 0.175
1 0.646 0.28 0.248 0.372
1 0.661 0.23 0.211 0.296
0 0.581 0.169 0.102 0.072
0 0.725 0.257 0.048 0.136
5 0.663 0.23 0.066 0.061
5 0.695 0.241 0.041 0.044
1 0.351 0.493 0.295 0.288
5 0.417 0.443 0.046 0.04
1 0.322 0.595 0.069 0.21
4 0.429 0.475 0.051 0.055
5 0.364 0.575 0.098 0.231
5 0.312 0.533 0.044 0.05
