5 0.749 0.82 0.271 0.227
5 0.281 0.816 0.29 0.223
5 0.52 0.833 0.245 0.205
5 0.751 0.547 0.313 0.184
5 0.491 0.55 0.259 0.181
9 0.808 0.789 0.136 0.16
9 0.724 0.787 0.146 0.159
9 0.57 0.79 0.095 0.17
9 0.473 0.787 0.103 0.167
9 0.194 0.815 0.122 0.235
9 0.318 0.827 0.176 0.253
9 0.806 0.603 0.15 0.083
9 0.719 0.6 0.121 0.083
9 0.857 0.453 0.118 0.172
9 0.723 0.453 0.186 0.182
9 0.165 0.556 0.18 0.198
9 0.278 0.577 0.203 0.188
9 0.919 0.212 0.13 0.192
9 0.763 0.205 0.203 0.184
9 0.158 0.177 0.151 0.176
9 0.302 0.188 0.164 0.172
9 0.443 0.185 0.103 0.191
9 0.558 0.175 0.143 0.225
