7 0.062 0.417 0.056 0.096
7 0.095 0.41 0.11 0.155
7 0.499 0.351 0.138 0.071
6 0.427 0.403 0.123 0.116
6 0.367 0.391 0.137 0.149
7 0.842 0.284 0.153 0.118
1 0.78 0.322 0.118 0.044
7 0.766 0.353 0.124 0.102
1 0.964 0.385 0.07 0.066
7 0.873 0.387 0.149 0.141
7 0.971 0.479 0.058 0.126
1 0.747 0.397 0.1 0.041
1 0.669 0.351 0.125 0.099
7 0.63 0.391 0.148 0.119
1 0.954 0.551 0.091 0.058
1 0.918 0.492 0.144 0.089
7 0.773 0.447 0.198 0.075
7 0.601 0.515 0.28 0.29
7 0.663 0.498 0.151 0.105
7 0.81 0.6 0.302 0.252
5 0.745 0.462 0.075 0.086
7 0.787 0.469 0.133 0.141
5 0.279 0.633 0.057 0.057
6 0.415 0.671 0.214 0.167
1 0.287 0.579 0.061 0.076
1 0.372 0.524 0.232 0.214
0 0.305 0.669 0.019 0.118
0 0.156 0.713 0.126 0.037
7 0.414 0.815 0.188 0.061
7 0.412 0.864 0.162 0.076
1 0.222 0.815 0.232 0.222
1 0.212 0.913 0.228 0.121
7 0.218 0.905 0.204 0.091
0 0.813 0.753 0.07 0.063
