7 0.746 0.794 0.276 0.411
5 0.343 0.905 0.069 0.091
3 0.34 0.894 0.05 0.063
1 0.422 0.899 0.135 0.113
5 0.542 0.838 0.082 0.097
1 0.51 0.811 0.043 0.067
0 0.534 0.822 0.035 0.04
5 0.448 0.834 0.114 0.111
5 0.427 0.678 0.048 0.053
2 0.313 0.533 0.033 0.111
5 0.467 0.522 0.085 0.047
1 0.369 0.694 0.167 0.37
1 0.477 0.698 0.039 0.093
2 0.441 0.748 0.113 0.138
5 0.599 0.683 0.045 0.26
5 0.38 0.812 0.056 0.144
5 0.593 0.752 0.016 0.041
5 0.542 0.749 0.094 0.103
5 0.576 0.685 0.017 0.046
1 0.539 0.659 0.093 0.103
2 0.58 0.593 0.029 0.032
5 0.375 0.49 0.126 0.062
5 0.402 0.429 0.143 0.097
5 0.497 0.45 0.178 0.121
5 0.525 0.556 0.246 0.228
7 0.792 0.295 0.172 0.209
6 0.429 0.189 0.332 0.327
0 0.399 0.18 0.221 0.342
7 0.605 0.248 0.209 0.327
