1 0.182 0.879 0.067 0.107
1 0.061 0.928 0.123 0.102
1 0.087 0.911 0.127 0.106
1 0.227 0.587 0.246 0.306
1 0.096 0.905 0.131 0.107
1 0.283 0.765 0.049 0.061
7 0.523 0.857 0.506 0.286
1 0.165 0.567 0.198 0.178
0 0.262 0.53 0.016 0.034
1 0.159 0.72 0.204 0.186
1 0.183 0.608 0.222 0.172
0 0.305 0.592 0.081 0.174
1 0.161 0.792 0.037 0.018
1 0.18 0.709 0.207 0.173
0 0.158 0.833 0.039 0.055
1 0.24 0.861 0.127 0.103
1 0.253 0.87 0.172 0.259
1 0.595 0.526 0.059 0.126
7 0.472 0.608 0.391 0.675
5 0.494 0.11 0.06 0.147
5 0.554 0.088 0.035 0.07
5 0.687 0.08 0.03 0.052
5 0.703 0.204 0.043 0.325
5 0.656 0.223 0.067 0.337
5 0.567 0.1 0.05 0.092
5 0.506 0.112 0.073 0.125
7 0.521 0.282 0.15 0.275
7 0.676 0.221 0.17 0.383
0 0.591 0.271 0.314 0.288
