5 0.279 0.515 0.093 0.18
4 0.326 0.28 0.121 0.218
4 0.447 0.183 0.197 0.179
4 0.425 0.315 0.303 0.269
4 0.496 0.41 0.175 0.309
4 0.689 0.316 0.096 0.43
4 0.79 0.306 0.103 0.327
4 0.834 0.465 0.077 0.194
4 0.831 0.602 0.049 0.108
4 0.405 0.558 0.071 0.176
4 0.501 0.804 0.086 0.091
4 0.517 0.681 0.227 0.269
4 0.677 0.768 0.069 0.104
4 0.592 0.839 0.13 0.078
4 0.641 0.606 0.117 0.269
4 0.456 0.924 0.283 0.151
4 0.677 0.905 0.168 0.189
4 0.901 0.704 0.026 0.085
4 0.629 0.266 0.092 0.427
4 0.885 0.859 0.06 0.216
4 0.742 0.504 0.152 0.662
4 0.312 0.616 0.152 0.419
5 0.829 0.734 0.206 0.494
4 0.322 0.817 0.4 0.366
4 0.528 0.471 0.184 0.574
