0 0.5 0.5 1.0 1.0
4 0.734 0.709 0.155 0.068
4 0.421 0.929 0.113 0.073
4 0.336 0.888 0.062 0.133
4 0.277 0.814 0.091 0.177
4 0.391 0.555 0.129 0.093
4 0.767 0.645 0.271 0.178
4 0.386 0.646 0.079 0.103
4 0.408 0.625 0.043 0.06
4 0.568 0.588 0.138 0.12
4 0.744 0.417 0.172 0.12
4 0.637 0.316 0.222 0.259
4 0.479 0.488 0.167 0.116
4 0.471 0.377 0.155 0.123
4 0.786 0.537 0.194 0.13
4 0.392 0.901 0.062 0.066
4 0.627 0.488 0.174 0.154
4 0.424 0.835 0.135 0.127
4 0.334 0.451 0.14 0.15
4 0.363 0.768 0.191 0.149
4 0.188 0.76 0.17 0.137
1 0.606 0.714 0.533 0.441
4 0.308 0.575 0.148 0.106
4 0.274 0.66 0.217 0.151
4 0.689 0.661 0.158 0.142
