1 0.481 0.587 0.018 0.146
1 0.61 0.674 0.244 0.356
1 0.601 0.368 0.288 0.296
1 0.619 0.106 0.197 0.101
1 0.589 0.177 0.317 0.172
1 0.53 0.257 0.06 0.029
1 0.599 0.248 0.061 0.038
0 0.581 0.18 0.29 0.092
2 0.72 0.22 0.051 0.075
1 0.602 0.568 0.181 0.143
0 0.494 0.552 0.029 0.078
5 0.748 0.766 0.096 0.141
1 0.839 0.732 0.216 0.196
1 0.854 0.665 0.224 0.138
0 0.842 0.623 0.133 0.073
7 0.198 0.703 0.258 0.432
5 0.212 0.531 0.056 0.077
0 0.875 0.599 0.05 0.017
1 0.42 0.754 0.169 0.322
1 0.447 0.664 0.07 0.153
