6 0.132 0.654 0.062 0.076
6 0.118 0.614 0.065 0.088
6 0.108 0.578 0.054 0.073
6 0.088 0.524 0.055 0.073
6 0.072 0.475 0.053 0.069
6 0.053 0.421 0.052 0.069
6 0.074 0.353 0.129 0.097
6 0.06 0.292 0.12 0.108
6 0.204 0.688 0.102 0.083
6 0.186 0.635 0.103 0.076
6 0.167 0.576 0.109 0.097
6 0.148 0.511 0.108 0.075
6 0.133 0.459 0.11 0.071
6 0.128 0.386 0.138 0.12
6 0.291 0.693 0.094 0.064
6 0.279 0.645 0.098 0.067
6 0.265 0.596 0.101 0.068
6 0.251 0.54 0.105 0.077
6 0.241 0.488 0.105 0.064
6 0.226 0.437 0.111 0.07
6 0.242 0.343 0.173 0.13
6 0.368 0.694 0.078 0.064
6 0.368 0.639 0.104 0.079
6 0.362 0.592 0.112 0.073
6 0.375 0.516 0.163 0.132
6 0.369 0.458 0.174 0.133
6 0.36 0.396 0.176 0.13
6 0.336 0.342 0.183 0.137
6 0.467 0.69 0.15 0.159
1 0.469 0.552 0.123 0.22
1 0.72 0.747 0.416 0.303
7 0.628 0.5 0.284 0.483
5 0.837 0.637 0.14 0.259
2 0.975 0.496 0.05 0.035
0 0.314 0.412 0.207 0.241
0 0.103 0.379 0.114 0.038
0 0.066 0.487 0.132 0.354
