1 0.281 0.14 0.041 0.098
7 0.322 0.267 0.119 0.208
7 0.747 0.281 0.188 0.349
7 0.184 0.275 0.223 0.373
7 0.595 0.423 0.204 0.303
7 0.395 0.479 0.221 0.344
7 0.917 0.415 0.166 0.346
7 0.878 0.32 0.039 0.013
7 0.795 0.518 0.231 0.418
7 0.842 0.425 0.048 0.056
7 0.579 0.722 0.286 0.41
5 0.567 0.665 0.116 0.091
5 0.579 0.579 0.107 0.059
2 0.646 0.586 0.04 0.047
1 0.381 0.676 0.103 0.241
7 0.571 0.314 0.041 0.051
1 0.24 0.643 0.205 0.377
5 0.595 0.332 0.063 0.022
1 0.259 0.464 0.15 0.127
7 0.601 0.303 0.028 0.047
1 0.26 0.512 0.153 0.135
5 0.612 0.346 0.044 0.038
1 0.294 0.528 0.094 0.081
1 0.218 0.531 0.121 0.096
1 0.303 0.555 0.042 0.058
1 0.192 0.55 0.067 0.038
1 0.277 0.49 0.048 0.048
1 0.144 0.218 0.051 0.046
5 0.185 0.21 0.041 0.051
0 0.198 0.525 0.101 0.127
7 0.84 0.589 0.104 0.21
7 0.727 0.545 0.084 0.135
7 0.831 0.572 0.06 0.103
7 0.759 0.646 0.128 0.115
