5 0.45 0.249 0.053 0.014
5 0.499 0.266 0.08 0.046
5 0.863 0.277 0.067 0.053
0 0.274 0.065 0.262 0.131
5 0.814 0.024 0.138 0.048
5 0.797 0.201 0.119 0.085
5 0.455 0.735 0.045 0.058
1 0.709 0.413 0.314 0.324
5 0.44 0.403 0.208 0.296
5 0.453 0.582 0.094 0.066
7 0.19 0.531 0.297 0.149
5 0.376 0.568 0.076 0.026
0 0.426 0.625 0.066 0.068
0 0.399 0.681 0.071 0.102
1 0.662 0.675 0.276 0.256
5 0.31 0.753 0.248 0.077
1 0.3 0.631 0.171 0.147
5 0.382 0.544 0.083 0.06
7 0.719 0.428 0.148 0.121
1 0.758 0.345 0.146 0.2
1 0.604 0.316 0.164 0.119
7 0.648 0.128 0.4 0.257
5 0.471 0.076 0.286 0.153
2 0.262 0.12 0.089 0.051
0 0.101 0.1 0.202 0.2
7 0.022 0.636 0.045 0.177
0 0.094 0.497 0.119 0.058
