9 0.485 0.957 0.31 0.085
9 0.112 0.501 0.225 0.557
9 0.042 0.688 0.084 0.162
1 0.921 0.197 0.045 0.265
1 0.771 0.18 0.086 0.186
9 0.517 0.118 0.558 0.236
1 0.82 0.177 0.03 0.198
1 0.832 0.177 0.027 0.202
1 0.848 0.178 0.039 0.206
1 0.86 0.177 0.038 0.22
1 0.887 0.179 0.068 0.226
1 0.88 0.186 0.036 0.224
1 0.895 0.188 0.044 0.231
1 0.905 0.196 0.04 0.245
1 0.937 0.197 0.044 0.266
1 0.95 0.197 0.055 0.272
1 0.964 0.196 0.053 0.277
1 0.974 0.194 0.051 0.284
1 0.981 0.229 0.036 0.221
1 0.993 0.307 0.014 0.069
9 0.514 0.573 0.777 0.854
