7 0.167 0.402 0.199 0.164
7 0.11 0.534 0.221 0.284
7 0.031 0.802 0.062 0.29
7 0.134 0.689 0.207 0.27
7 0.403 0.338 0.166 0.306
1 0.596 0.501 0.15 0.114
1 0.636 0.56 0.053 0.039
7 0.559 0.647 0.076 0.18
1 0.653 0.384 0.063 0.111
1 0.725 0.345 0.095 0.098
7 0.151 0.891 0.268 0.217
7 0.303 0.548 0.183 0.356
7 0.233 0.737 0.026 0.062
1 0.355 0.84 0.284 0.318
1 0.385 0.692 0.044 0.065
7 0.461 0.542 0.141 0.474
1 0.823 0.557 0.329 0.338
1 0.652 0.694 0.162 0.29
3 0.746 0.446 0.087 0.109
3 0.779 0.516 0.071 0.058
3 0.721 0.469 0.077 0.09
3 0.757 0.577 0.094 0.041
5 0.839 0.49 0.182 0.181
3 0.917 0.571 0.037 0.021
1 0.62 0.639 0.051 0.102
2 0.659 0.671 0.049 0.064
1 0.677 0.677 0.036 0.053
5 0.71 0.512 0.045 0.039
