1 0.466 0.192 0.079 0.094
1 0.959 0.628 0.081 0.039
1 0.196 0.609 0.335 0.19
6 0.346 0.305 0.182 0.157
0 0.329 0.366 0.145 0.058
0 0.381 0.242 0.109 0.029
1 0.444 0.347 0.176 0.137
1 0.825 0.294 0.092 0.052
1 0.562 0.153 0.147 0.071
1 0.728 0.149 0.051 0.068
1 0.697 0.223 0.235 0.133
0 0.674 0.235 0.072 0.052
7 0.507 0.254 0.235 0.18
7 0.685 0.378 0.319 0.251
7 0.914 0.35 0.171 0.164
7 0.765 0.547 0.468 0.311
7 0.872 0.698 0.177 0.104
7 0.874 0.729 0.25 0.216
7 0.891 0.897 0.217 0.206
0 0.787 0.7 0.122 0.086
1 0.918 0.575 0.163 0.09
1 0.963 0.519 0.074 0.028
1 0.938 0.45 0.123 0.109
7 0.961 0.35 0.077 0.091
0 0.601 0.508 0.036 0.033
1 0.113 0.341 0.107 0.155
0 0.323 0.38 0.114 0.044
1 0.296 0.509 0.461 0.324
6 0.448 0.72 0.172 0.144
7 0.23 0.83 0.419 0.299
