1 0.629 0.082 0.145 0.165
7 0.615 0.055 0.099 0.067
1 0.469 0.175 0.272 0.299
6 0.785 0.452 0.117 0.123
1 0.46 0.161 0.14 0.167
6 0.788 0.403 0.126 0.147
7 0.708 0.339 0.068 0.207
7 0.713 0.515 0.073 0.165
1 0.567 0.568 0.235 0.296
7 0.575 0.695 0.19 0.366
1 0.549 0.271 0.167 0.097
5 0.569 0.229 0.158 0.089
7 0.068 0.622 0.136 0.366
5 0.44 0.14 0.056 0.063
7 0.617 0.1 0.024 0.057
1 0.575 0.199 0.16 0.122
7 0.551 0.353 0.277 0.319
1 0.373 0.591 0.2 0.239
1 0.373 0.517 0.182 0.084
1 0.409 0.48 0.07 0.081
7 0.384 0.751 0.239 0.444
7 0.378 0.541 0.054 0.023
7 0.442 0.554 0.049 0.037
1 0.617 0.493 0.021 0.039
1 0.639 0.507 0.023 0.111
5 0.562 0.529 0.069 0.062
7 0.007 0.85 0.013 0.112
0 0.018 0.89 0.009 0.06
1 0.341 0.546 0.039 0.021
0 0.385 0.513 0.091 0.042
0 0.477 0.161 0.028 0.088
7 0.493 0.205 0.021 0.04
