1 0.552 0.611 0.793 0.651
9 0.937 0.446 0.124 0.158
1 0.87 0.482 0.103 0.231
9 0.923 0.17 0.152 0.077
9 0.952 0.235 0.096 0.13
1 0.843 0.502 0.121 0.204
7 0.56 0.363 0.724 0.606
5 0.373 0.218 0.269 0.176
5 0.599 0.235 0.173 0.09
5 0.757 0.207 0.165 0.071
7 0.742 0.29 0.345 0.19
2 0.449 0.188 0.205 0.113
3 0.326 0.295 0.057 0.064
3 0.413 0.288 0.155 0.121
1 0.766 0.274 0.198 0.079
5 0.592 0.175 0.239 0.078
9 0.967 0.314 0.065 0.073
9 0.938 0.513 0.123 0.18
1 0.552 0.325 0.268 0.121
9 0.965 0.809 0.069 0.112
1 0.223 0.308 0.044 0.121
