7 0.934 0.204 0.132 0.169
7 0.909 0.589 0.182 0.266
1 0.765 0.326 0.157 0.221
7 0.746 0.388 0.17 0.095
7 0.685 0.439 0.135 0.093
7 0.644 0.476 0.089 0.067
7 0.622 0.508 0.087 0.081
5 0.465 0.471 0.304 0.143
5 0.469 0.415 0.314 0.071
7 0.548 0.564 0.162 0.091
1 0.484 0.375 0.352 0.086
1 0.577 0.359 0.19 0.069
1 0.587 0.307 0.205 0.085
1 0.569 0.256 0.167 0.066
1 0.423 0.321 0.173 0.135
1 0.389 0.255 0.03 0.113
1 0.441 0.28 0.081 0.063
1 0.619 0.813 0.51 0.342
7 0.754 0.553 0.427 0.268
7 0.045 0.432 0.089 0.192
7 0.144 0.426 0.131 0.144
7 0.212 0.512 0.216 0.12
1 0.229 0.379 0.184 0.171
1 0.363 0.604 0.313 0.196
1 0.856 0.242 0.055 0.421
