1 0.286 0.383 0.232 0.434
5 0.28 0.246 0.043 0.026
7 0.319 0.228 0.058 0.058
7 0.327 0.232 0.044 0.032
7 0.304 0.26 0.129 0.089
1 0.216 0.274 0.082 0.082
1 0.307 0.273 0.017 0.037
1 0.477 0.418 0.158 0.148
7 0.435 0.415 0.029 0.15
1 0.478 0.401 0.149 0.23
7 0.507 0.361 0.028 0.041
1 0.482 0.417 0.04 0.052
7 0.592 0.378 0.085 0.112
1 0.525 0.461 0.087 0.113
7 0.761 0.308 0.158 0.16
1 0.805 0.417 0.127 0.17
7 0.865 0.43 0.121 0.183
7 0.892 0.534 0.145 0.143
7 0.685 0.45 0.152 0.217
7 0.759 0.563 0.142 0.14
1 0.593 0.582 0.197 0.33
7 0.758 0.679 0.155 0.24
5 0.502 0.648 0.067 0.062
7 0.491 0.585 0.101 0.144
5 0.654 0.844 0.109 0.167
7 0.471 0.778 0.326 0.42
5 0.568 0.705 0.093 0.122
