7 0.313 0.557 0.271 0.493
1 0.624 0.594 0.403 0.433
1 0.799 0.474 0.031 0.173
1 0.644 0.322 0.28 0.254
1 0.505 0.503 0.104 0.185
1 0.793 0.474 0.029 0.166
1 0.553 0.551 0.029 0.068
7 0.644 0.246 0.152 0.125
1 0.774 0.482 0.051 0.12
1 0.631 0.268 0.173 0.1
1 0.639 0.419 0.25 0.226
7 0.569 0.558 0.024 0.053
6 0.759 0.503 0.037 0.054
6 0.565 0.536 0.038 0.041
6 0.64 0.534 0.099 0.02
1 0.685 0.54 0.208 0.026
1 0.684 0.56 0.219 0.043
3 0.932 0.539 0.136 0.045
3 0.922 0.632 0.155 0.043
0 0.628 0.59 0.354 0.06
