1 0.963 0.101 0.073 0.044
1 0.903 0.114 0.062 0.019
1 0.608 0.229 0.24 0.136
0 0.273 0.044 0.039 0.044
1 0.044 0.149 0.088 0.089
1 0.244 0.218 0.319 0.176
1 0.128 0.071 0.255 0.141
1 0.149 0.117 0.298 0.135
1 0.393 0.029 0.258 0.057
1 0.403 0.153 0.304 0.294
1 0.49 0.147 0.37 0.233
1 0.719 0.096 0.562 0.192
1 0.728 0.043 0.45 0.085
1 0.712 0.021 0.302 0.043
1 0.744 0.008 0.137 0.016
1 0.851 0.271 0.297 0.311
1 0.983 0.404 0.034 0.078
1 0.476 0.276 0.089 0.018
1 0.31 0.403 0.217 0.187
1 0.651 0.458 0.507 0.375
1 0.577 0.503 0.621 0.402
1 0.531 0.472 0.6 0.361
