7 0.689 0.683 0.061 0.169
0 0.921 0.578 0.084 0.056
2 0.923 0.509 0.154 0.168
0 0.57 0.359 0.097 0.158
1 0.431 0.239 0.078 0.114
1 0.282 0.819 0.075 0.05
1 0.165 0.798 0.062 0.081
2 0.329 0.178 0.134 0.255
1 0.341 0.431 0.272 0.288
1 0.229 0.293 0.299 0.34
1 0.231 0.1 0.086 0.132
1 0.029 0.65 0.055 0.119
1 0.083 0.675 0.112 0.117
1 0.255 0.771 0.131 0.071
1 0.232 0.724 0.093 0.11
2 0.33 0.674 0.108 0.178
1 0.152 0.639 0.213 0.264
0 0.349 0.586 0.019 0.043
1 0.421 0.704 0.136 0.109
1 0.105 0.819 0.051 0.076
0 0.398 0.724 0.088 0.134
1 0.219 0.581 0.258 0.201
1 0.406 0.671 0.082 0.042
1 0.494 0.329 0.136 0.19
7 0.587 0.45 0.144 0.132
2 0.518 0.507 0.193 0.216
2 0.444 0.612 0.192 0.094
1 0.33 0.686 0.079 0.112
1 0.351 0.77 0.138 0.052
2 0.64 0.623 0.147 0.237
2 0.856 0.382 0.197 0.253
2 0.72 0.394 0.14 0.233
0 0.776 0.245 0.032 0.1
1 0.769 0.565 0.136 0.236
0 0.593 0.403 0.067 0.067
