1 0.371 0.422 0.048 0.037
1 0.474 0.072 0.109 0.067
1 0.527 0.094 0.029 0.054
1 0.399 0.141 0.219 0.179
1 0.465 0.182 0.232 0.107
1 0.535 0.041 0.028 0.083
1 0.73 0.133 0.048 0.052
1 0.664 0.077 0.25 0.154
1 0.641 0.146 0.161 0.087
7 0.732 0.174 0.047 0.061
1 0.212 0.317 0.036 0.031
1 0.276 0.308 0.149 0.15
1 0.569 0.401 0.295 0.046
1 0.505 0.292 0.542 0.278
1 0.261 0.425 0.18 0.169
1 0.565 0.479 0.555 0.196
1 0.788 0.825 0.424 0.185
1 0.603 0.449 0.132 0.075
2 0.447 0.464 0.046 0.053
1 0.516 0.441 0.162 0.102
1 0.707 0.617 0.585 0.323
1 0.518 0.123 0.048 0.037
1 0.454 0.181 0.199 0.1
1 0.332 0.237 0.059 0.023
