7 0.529 0.85 0.588 0.301
7 0.9 0.855 0.2 0.29
7 0.128 0.916 0.256 0.168
7 0.082 0.492 0.134 0.125
7 0.174 0.69 0.348 0.393
7 0.023 0.529 0.047 0.222
7 0.295 0.483 0.543 0.499
5 0.409 0.369 0.164 0.071
5 0.33 0.429 0.205 0.079
5 0.191 0.51 0.092 0.135
5 0.381 0.479 0.037 0.033
3 0.283 0.58 0.141 0.095
5 0.291 0.517 0.198 0.152
5 0.171 0.366 0.253 0.133
5 0.256 0.376 0.274 0.158
1 0.736 0.638 0.528 0.594
4 0.752 0.604 0.072 0.077
3 0.57 0.627 0.094 0.114
3 0.717 0.683 0.091 0.053
3 0.667 0.616 0.118 0.09
5 0.859 0.45 0.119 0.117
5 0.599 0.461 0.134 0.082
3 0.601 0.538 0.12 0.097
4 0.823 0.512 0.157 0.233
5 0.842 0.609 0.122 0.08
5 0.895 0.546 0.048 0.087
3 0.55 0.69 0.189 0.119
3 0.629 0.685 0.107 0.099
3 0.663 0.433 0.104 0.12
5 0.73 0.46 0.176 0.257
0 0.549 0.469 0.083 0.123
0 0.73 0.569 0.425 0.214
