7 0.702 0.972 0.29 0.055
7 0.643 0.385 0.115 0.044
7 0.399 0.224 0.175 0.12
7 0.508 0.257 0.096 0.11
7 0.543 0.313 0.074 0.151
1 0.381 0.326 0.154 0.211
1 0.169 0.752 0.261 0.405
6 0.073 0.463 0.147 0.3
6 0.239 0.439 0.225 0.283
7 0.47 0.395 0.241 0.165
7 0.352 0.642 0.479 0.716
1 0.376 0.513 0.112 0.102
7 0.032 0.966 0.063 0.068
7 0.958 0.768 0.084 0.463
1 0.855 0.818 0.29 0.346
1 0.727 0.844 0.23 0.275
1 0.479 0.865 0.342 0.269
1 0.52 0.447 0.218 0.106
1 0.609 0.732 0.672 0.382
1 0.542 0.665 0.397 0.194
1 0.544 0.65 0.356 0.162
1 0.503 0.607 0.058 0.062
1 0.496 0.61 0.261 0.142
1 0.629 0.592 0.501 0.243
1 0.606 0.456 0.175 0.097
1 0.701 0.426 0.055 0.035
1 0.787 0.478 0.221 0.233
1 0.845 0.707 0.131 0.227
7 0.06 0.703 0.121 0.546
4 0.09 0.958 0.07 0.084
6 0.238 0.312 0.077 0.153
6 0.308 0.292 0.118 0.175
5 0.083 0.284 0.065 0.058
0 0.726 0.532 0.328 0.329
