1 0.732 0.492 0.061 0.068
1 0.829 0.69 0.11 0.046
0 0.8 0.755 0.055 0.083
1 0.889 0.776 0.222 0.211
6 0.813 0.567 0.19 0.265
1 0.464 0.507 0.169 0.108
1 0.464 0.571 0.159 0.097
1 0.651 0.633 0.247 0.289
1 0.656 0.527 0.123 0.12
1 0.667 0.589 0.136 0.124
1 0.23 0.308 0.208 0.206
7 0.147 0.555 0.244 0.328
7 0.297 0.344 0.194 0.218
1 0.502 0.323 0.049 0.153
6 0.407 0.448 0.074 0.046
1 0.459 0.419 0.133 0.109
1 0.45 0.405 0.076 0.053
1 0.47 0.397 0.11 0.056
7 0.306 0.589 0.165 0.317
7 0.193 0.653 0.138 0.291
1 0.451 0.689 0.199 0.173
1 0.471 0.59 0.168 0.144
1 0.474 0.644 0.141 0.138
1 0.571 0.564 0.135 0.296
7 0.695 0.528 0.043 0.031
1 0.65 0.311 0.255 0.35
