5 0.622 0.752 0.088 0.091
5 0.623 0.522 0.046 0.044
5 0.942 0.385 0.07 0.134
0 0.68 0.779 0.64 0.44
4 0.401 0.843 0.053 0.07
0 0.653 0.247 0.156 0.061
5 0.856 0.269 0.288 0.173
5 0.967 0.483 0.065 0.081
5 0.722 0.376 0.458 0.324
5 0.901 0.481 0.104 0.05
5 0.889 0.525 0.222 0.107
4 0.765 0.597 0.171 0.255
5 0.742 0.688 0.254 0.156
5 0.257 0.438 0.372 0.141
5 0.317 0.453 0.127 0.077
5 0.385 0.552 0.118 0.072
5 0.49 0.409 0.15 0.128
5 0.411 0.487 0.165 0.14
5 0.514 0.55 0.229 0.205
5 0.523 0.656 0.471 0.268
5 0.335 0.825 0.17 0.218
5 0.196 0.537 0.283 0.153
5 0.262 0.567 0.171 0.109
5 0.157 0.623 0.2 0.114
5 0.183 0.795 0.072 0.037
5 0.322 0.644 0.179 0.129
7 0.211 0.892 0.306 0.215
7 0.112 0.727 0.224 0.295
7 0.041 0.926 0.081 0.147
0 0.232 0.793 0.05 0.041
5 0.511 0.834 0.183 0.154
5 0.175 0.708 0.201 0.12
5 0.988 0.407 0.024 0.058
