1 0.256 0.099 0.283 0.197
1 0.326 0.506 0.481 0.778
4 0.398 0.4 0.075 0.24
4 0.304 0.405 0.088 0.082
1 0.236 0.542 0.09 0.164
1 0.271 0.459 0.181 0.266
5 0.26 0.587 0.054 0.059
1 0.276 0.049 0.221 0.099
1 0.174 0.013 0.093 0.027
7 0.725 0.488 0.369 0.577
1 0.829 0.323 0.105 0.181
1 0.741 0.402 0.138 0.245
4 0.642 0.481 0.07 0.196
4 0.701 0.511 0.055 0.123
4 0.787 0.484 0.096 0.153
4 0.347 0.47 0.166 0.147
4 0.74 0.368 0.037 0.053
4 0.768 0.543 0.078 0.116
4 0.72 0.554 0.043 0.073
4 0.598 0.477 0.034 0.179
4 0.591 0.522 0.022 0.073
4 0.632 0.555 0.021 0.05
0 0.799 0.483 0.028 0.04
0 0.827 0.411 0.03 0.042
