7 0.365 0.367 0.13 0.112
7 0.257 0.472 0.235 0.216
7 0.439 0.479 0.192 0.14
7 0.745 0.445 0.151 0.158
7 0.901 0.319 0.197 0.139
7 0.625 0.324 0.41 0.39
7 0.941 0.389 0.117 0.208
7 0.895 0.607 0.209 0.313
7 0.717 0.479 0.064 0.044
7 0.683 0.543 0.289 0.168
7 0.46 0.576 0.142 0.084
7 0.42 0.701 0.285 0.246
7 0.749 0.693 0.162 0.159
7 0.655 0.816 0.212 0.239
7 0.855 0.431 0.083 0.097
7 0.594 0.606 0.233 0.201
7 0.866 0.825 0.268 0.257
7 0.306 0.433 0.038 0.06
2 0.236 0.412 0.059 0.035
7 0.278 0.433 0.044 0.025
7 0.19 0.428 0.06 0.075
7 0.196 0.429 0.135 0.018
7 0.217 0.445 0.046 0.04
