3 0.655 0.387 0.031 0.032
3 0.644 0.325 0.067 0.097
3 0.704 0.538 0.016 0.049
5 0.494 0.549 0.037 0.026
3 0.493 0.531 0.04 0.052
3 0.448 0.421 0.021 0.079
3 0.504 0.29 0.194 0.069
3 0.697 0.439 0.067 0.164
3 0.479 0.467 0.052 0.084
3 0.475 0.427 0.052 0.063
3 0.527 0.341 0.207 0.115
3 0.713 0.373 0.092 0.113
3 0.498 0.23 0.205 0.114
3 0.759 0.347 0.169 0.079
3 0.751 0.261 0.241 0.133
5 0.379 0.376 0.127 0.174
1 0.298 0.535 0.171 0.349
3 0.418 0.517 0.128 0.126
4 0.797 0.429 0.147 0.128
4 0.789 0.586 0.167 0.315
7 0.599 0.515 0.21 0.432
1 0.161 0.544 0.225 0.354
3 0.471 0.724 0.176 0.085
3 0.464 0.683 0.183 0.103
3 0.456 0.628 0.194 0.146
4 0.665 0.693 0.166 0.273
