1 0.245 0.544 0.218 0.053
7 0.461 0.792 0.037 0.068
1 0.303 0.385 0.347 0.221
1 0.416 0.507 0.173 0.289
5 0.24 0.614 0.109 0.086
7 0.933 0.68 0.133 0.554
1 0.544 0.766 0.138 0.096
1 0.44 0.694 0.27 0.317
1 0.401 0.597 0.067 0.1
7 0.745 0.6 0.067 0.093
7 0.848 0.618 0.221 0.298
1 0.761 0.89 0.109 0.156
7 0.794 0.748 0.205 0.233
1 0.651 0.802 0.117 0.119
1 0.318 0.516 0.317 0.058
5 0.554 0.645 0.274 0.183
1 0.356 0.72 0.229 0.303
1 0.314 0.715 0.059 0.12
5 0.339 0.638 0.098 0.074
1 0.646 0.456 0.343 0.305
6 0.544 0.636 0.183 0.118
5 0.357 0.711 0.091 0.097
1 0.456 0.569 0.042 0.046
6 0.546 0.559 0.147 0.126
5 0.565 0.6 0.064 0.053
2 0.498 0.607 0.073 0.051
2 0.496 0.598 0.068 0.048
0 0.494 0.589 0.071 0.052
0 0.492 0.576 0.07 0.064
1 0.649 0.618 0.034 0.067
