1 0.433 0.523 0.16 0.163
1 0.419 0.435 0.032 0.074
1 0.431 0.459 0.02 0.056
1 0.447 0.444 0.03 0.118
1 0.46 0.43 0.064 0.135
0 0.475 0.515 0.033 0.045
1 0.531 0.57 0.167 0.149
1 0.616 0.627 0.345 0.223
7 0.587 0.604 0.084 0.07
7 0.593 0.601 0.051 0.035
1 0.78 0.894 0.363 0.212
1 0.704 0.82 0.303 0.278
1 0.733 0.766 0.222 0.178
1 0.777 0.808 0.104 0.112
1 0.795 0.819 0.041 0.051
1 0.81 0.814 0.044 0.083
1 0.809 0.742 0.067 0.057
1 0.814 0.78 0.052 0.087
1 0.912 0.84 0.176 0.266
1 0.92 0.771 0.16 0.149
6 0.82 0.682 0.228 0.038
5 0.762 0.656 0.058 0.015
6 0.775 0.625 0.215 0.077
1 0.866 0.596 0.267 0.164
1 0.926 0.679 0.147 0.161
1 0.579 0.494 0.233 0.131
1 0.571 0.453 0.23 0.117
1 0.556 0.426 0.43 0.227
0 0.54 0.408 0.091 0.056
0 0.747 0.56 0.034 0.057
1 0.613 0.433 0.44 0.213
1 0.628 0.415 0.468 0.183
7 0.891 0.391 0.218 0.167
7 0.909 0.488 0.181 0.104
6 0.989 0.461 0.022 0.075
0 0.656 0.498 0.339 0.113
7 0.482 0.224 0.131 0.162
7 0.546 0.254 0.311 0.236
7 0.431 0.83 0.293 0.286
0 0.649 0.579 0.158 0.115
