0 0.5 0.5 1.0 1.0
7 0.534 0.852 0.31 0.25
5 0.871 0.679 0.258 0.282
5 0.939 0.633 0.09 0.113
0 0.715 0.647 0.101 0.094
0 0.845 0.653 0.197 0.151
5 0.628 0.72 0.582 0.478
5 0.656 0.29 0.219 0.213
5 0.678 0.493 0.265 0.262
5 0.595 0.466 0.283 0.15
5 0.874 0.451 0.252 0.227
7 0.97 0.439 0.047 0.076
7 0.832 0.473 0.143 0.191
5 0.116 0.646 0.177 0.133
5 0.333 0.682 0.328 0.238
5 0.391 0.176 0.248 0.09
5 0.358 0.406 0.637 0.478
5 0.302 0.218 0.04 0.01
5 0.161 0.26 0.258 0.182
5 0.332 0.382 0.567 0.385
0 0.199 0.572 0.315 0.145
0 0.048 0.394 0.065 0.054
5 0.109 0.467 0.219 0.114
5 0.133 0.417 0.203 0.119
5 0.286 0.333 0.27 0.222
