2 0.796 0.76 0.063 0.093
1 0.4 0.365 0.102 0.017
0 0.26 0.497 0.413 0.263
1 0.45 0.97 0.097 0.058
5 0.729 0.738 0.069 0.04
0 0.281 0.542 0.357 0.407
1 0.473 0.715 0.455 0.493
7 0.35 0.675 0.156 0.222
5 0.55 0.751 0.135 0.093
5 0.465 0.727 0.267 0.125
7 0.839 0.43 0.322 0.383
1 0.651 0.527 0.421 0.458
7 0.923 0.695 0.154 0.374
7 0.885 0.858 0.165 0.284
5 0.774 0.896 0.219 0.208
5 0.516 0.63 0.123 0.16
4 0.419 0.79 0.078 0.048
5 0.465 0.538 0.023 0.165
1 0.454 0.705 0.092 0.197
1 0.937 0.921 0.126 0.158
