5 0.154 0.154 0.171 0.091
5 0.598 0.33 0.28 0.168
5 0.551 0.313 0.243 0.033
5 0.277 0.48 0.19 0.199
5 0.155 0.396 0.113 0.078
5 0.173 0.369 0.081 0.023
5 0.387 0.299 0.114 0.137
5 0.278 0.267 0.281 0.158
5 0.082 0.243 0.163 0.219
5 0.339 0.309 0.05 0.062
5 0.302 0.255 0.056 0.088
5 0.16 0.331 0.091 0.071
5 0.168 0.278 0.033 0.046
5 0.162 0.525 0.034 0.044
5 0.186 0.445 0.144 0.132
5 0.273 0.353 0.155 0.243
5 0.236 0.478 0.132 0.161
5 0.265 0.49 0.079 0.062
5 0.248 0.284 0.176 0.224
5 0.296 0.571 0.177 0.097
5 0.659 0.567 0.089 0.049
5 0.556 0.49 0.126 0.167
5 0.433 0.492 0.139 0.231
2 0.529 0.561 0.075 0.022
5 0.566 0.607 0.275 0.072
5 0.666 0.467 0.137 0.17
5 0.725 0.468 0.144 0.14
5 0.536 0.676 0.192 0.066
