1 0.475 0.612 0.725 0.619
1 0.754 0.352 0.28 0.374
1 0.642 0.301 0.394 0.423
1 0.203 0.385 0.096 0.112
1 0.519 0.603 0.519 0.354
1 0.576 0.588 0.409 0.296
1 0.557 0.508 0.123 0.08
1 0.543 0.526 0.114 0.064
1 0.477 0.54 0.08 0.077
1 0.634 0.477 0.353 0.255
1 0.582 0.577 0.231 0.154
1 0.527 0.72 0.085 0.111
2 0.593 0.624 0.195 0.147
7 0.689 0.587 0.207 0.125
1 0.506 0.595 0.087 0.132
1 0.491 0.59 0.103 0.136
1 0.506 0.625 0.038 0.041
1 0.434 0.602 0.215 0.197
1 0.433 0.665 0.202 0.154
1 0.317 0.444 0.298 0.202
1 0.427 0.412 0.039 0.117
2 0.327 0.422 0.219 0.087
1 0.317 0.475 0.072 0.063
1 0.269 0.491 0.062 0.053
1 0.276 0.493 0.057 0.047
1 0.411 0.457 0.05 0.055
1 0.4 0.459 0.043 0.048
1 0.374 0.468 0.073 0.063
