6 0.366 0.319 0.081 0.084
6 0.381 0.225 0.295 0.417
6 0.599 0.321 0.125 0.172
5 0.476 0.338 0.353 0.183
5 0.043 0.054 0.046 0.077
1 0.361 0.962 0.182 0.076
1 0.572 0.511 0.139 0.08
0 0.57 0.586 0.195 0.147
1 0.68 0.364 0.141 0.11
6 0.853 0.933 0.077 0.066
6 0.58 0.77 0.059 0.061
6 0.512 0.448 0.044 0.033
6 0.992 0.463 0.016 0.099
6 0.934 0.448 0.131 0.134
6 0.989 0.583 0.021 0.049
6 0.977 0.574 0.039 0.05
6 0.881 0.536 0.238 0.156
6 0.741 0.47 0.051 0.089
6 0.778 0.318 0.147 0.095
6 0.74 0.4 0.09 0.136
6 0.373 0.121 0.114 0.105
6 0.236 0.135 0.114 0.067
6 0.348 0.27 0.093 0.062
6 0.572 0.6 0.108 0.101
6 0.016 0.189 0.033 0.048
6 0.064 0.262 0.079 0.048
6 0.624 0.477 0.217 0.159
1 0.63 0.074 0.193 0.095
