1 0.117 0.557 0.234 0.269
1 0.824 0.36 0.224 0.105
1 0.945 0.383 0.109 0.106
1 0.953 0.456 0.094 0.157
1 0.969 0.402 0.023 0.044
1 0.975 0.545 0.05 0.026
1 0.97 0.589 0.051 0.063
1 0.92 0.645 0.093 0.123
1 0.901 0.634 0.111 0.047
1 0.9 0.596 0.143 0.068
1 0.843 0.546 0.22 0.091
1 0.88 0.629 0.095 0.021
1 0.832 0.498 0.2 0.079
1 0.809 0.445 0.202 0.071
1 0.836 0.472 0.161 0.018
1 0.719 0.497 0.064 0.137
1 0.818 0.378 0.213 0.13
1 0.817 0.593 0.104 0.068
1 0.549 0.684 0.427 0.311
1 0.661 0.785 0.569 0.397
1 0.971 0.695 0.058 0.252
1 0.987 0.695 0.025 0.038
0 0.945 0.414 0.068 0.075
1 0.83 0.477 0.136 0.009
