7 0.593 0.248 0.029 0.048
1 0.491 0.893 0.184 0.144
7 0.334 0.492 0.129 0.239
7 0.375 0.59 0.121 0.234
1 0.365 0.388 0.039 0.05
5 0.035 0.453 0.07 0.122
7 0.87 0.473 0.26 0.337
7 0.753 0.619 0.189 0.289
1 0.666 0.498 0.06 0.114
7 0.403 0.219 0.134 0.178
1 0.54 0.212 0.088 0.113
1 0.512 0.208 0.083 0.108
1 0.508 0.294 0.155 0.132
0 0.52 0.315 0.1 0.09
1 0.54 0.338 0.089 0.057
7 0.598 0.338 0.056 0.049
1 0.373 0.377 0.044 0.022
1 0.396 0.364 0.092 0.028
1 0.396 0.36 0.092 0.032
1 0.395 0.358 0.091 0.032
1 0.394 0.355 0.092 0.03
1 0.394 0.348 0.092 0.027
1 0.393 0.341 0.091 0.028
1 0.392 0.337 0.09 0.023
1 0.391 0.327 0.089 0.02
1 0.39 0.325 0.089 0.019
1 0.389 0.322 0.089 0.019
1 0.388 0.32 0.089 0.02
1 0.388 0.314 0.09 0.025
1 0.386 0.311 0.089 0.021
1 0.387 0.306 0.091 0.025
1 0.387 0.302 0.092 0.026
1 0.386 0.299 0.092 0.025
1 0.385 0.295 0.093 0.025
1 0.385 0.291 0.092 0.024
1 0.385 0.286 0.093 0.025
1 0.383 0.281 0.092 0.026
1 0.383 0.265 0.092 0.04
1 0.383 0.275 0.092 0.032
1 0.391 0.332 0.09 0.022
7 0.666 0.242 0.123 0.202
7 0.661 0.412 0.116 0.213
1 0.598 0.363 0.039 0.019
1 0.517 0.415 0.247 0.121
1 0.657 0.437 0.039 0.08
1 0.522 0.272 0.042 0.031
1 0.543 0.667 0.314 0.296
1 0.622 0.534 0.081 0.173
5 0.022 0.356 0.043 0.129
7 0.022 0.557 0.044 0.118
5 0.505 0.772 0.122 0.189
1 0.487 0.485 0.218 0.22
