6 0.329 0.641 0.186 0.148
1 0.682 0.612 0.043 0.134
1 0.51 0.7 0.188 0.192
7 0.541 0.477 0.215 0.293
1 0.632 0.654 0.096 0.188
7 0.173 0.704 0.137 0.263
7 0.084 0.793 0.057 0.087
7 0.084 0.913 0.167 0.174
6 0.317 0.624 0.137 0.09
7 0.336 0.435 0.229 0.306
7 0.191 0.377 0.203 0.371
7 0.287 0.766 0.224 0.261
7 0.081 0.403 0.163 0.19
7 0.111 0.678 0.221 0.442
6 0.615 0.569 0.139 0.211
1 0.863 0.579 0.274 0.356
1 0.873 0.487 0.253 0.114
1 0.829 0.501 0.139 0.068
4 0.266 0.745 0.051 0.041
4 0.288 0.808 0.065 0.146
1 0.502 0.647 0.102 0.097
5 0.496 0.684 0.025 0.043
2 0.518 0.695 0.056 0.057
