1 0.381 0.271 0.251 0.405
1 0.307 0.217 0.048 0.061
1 0.29 0.237 0.193 0.222
1 0.261 0.296 0.307 0.321
7 0.184 0.5 0.348 0.428
7 0.6 0.333 0.026 0.103
7 0.556 0.297 0.129 0.206
7 0.869 0.434 0.261 0.493
1 0.681 0.534 0.203 0.46
1 0.694 0.407 0.141 0.12
7 0.591 0.423 0.188 0.114
5 0.55 0.422 0.099 0.063
5 0.654 0.494 0.142 0.122
1 0.476 0.98 0.04 0.04
0 0.402 0.977 0.041 0.045
0 0.152 0.962 0.14 0.076
0 0.079 0.972 0.06 0.056
1 0.49 0.675 0.356 0.541
5 0.517 0.759 0.025 0.086
1 0.468 0.644 0.157 0.151
5 0.536 0.625 0.074 0.11
4 0.576 0.664 0.067 0.08
5 0.459 0.547 0.095 0.126
7 0.45 0.562 0.038 0.034
