0 0.409 0.719 0.024 0.039
3 0.215 0.37 0.111 0.163
3 0.368 0.4 0.075 0.054
7 0.341 0.416 0.112 0.048
5 0.685 0.483 0.188 0.192
5 0.255 0.596 0.307 0.357
5 0.591 0.701 0.413 0.387
1 0.591 0.285 0.208 0.182
1 0.17 0.515 0.124 0.15
1 0.302 0.503 0.024 0.036
1 0.258 0.485 0.078 0.064
1 0.336 0.523 0.067 0.022
1 0.336 0.504 0.033 0.041
7 0.197 0.565 0.061 0.071
7 0.28 0.566 0.177 0.082
1 0.27 0.518 0.127 0.058
7 0.725 0.464 0.057 0.076
7 0.608 0.488 0.042 0.02
1 0.699 0.476 0.023 0.052
1 0.693 0.439 0.05 0.07
0 0.61 0.429 0.169 0.144
7 0.674 0.631 0.163 0.255
1 0.616 0.681 0.102 0.151
7 0.494 0.468 0.219 0.273
7 0.494 0.643 0.2 0.183
7 0.431 0.664 0.078 0.073
0 0.654 0.468 0.079 0.117
