6 0.413 0.583 0.568 0.3
6 0.938 0.45 0.123 0.047
7 0.908 0.37 0.184 0.123
0 0.879 0.276 0.113 0.028
3 0.717 0.32 0.043 0.029
3 0.808 0.348 0.06 0.039
5 0.771 0.403 0.172 0.084
5 0.937 0.479 0.042 0.031
2 0.705 0.434 0.044 0.038
7 0.447 0.215 0.051 0.044
7 0.394 0.269 0.23 0.142
7 0.028 0.651 0.055 0.119
5 0.142 0.762 0.134 0.079
1 0.139 0.759 0.125 0.071
5 0.076 0.79 0.081 0.038
5 0.025 0.627 0.05 0.024
0 0.093 0.613 0.109 0.014
1 0.415 0.421 0.407 0.24
0 0.471 0.643 0.095 0.212
5 0.84 0.796 0.046 0.057
