6 0.706 0.846 0.099 0.051
6 0.169 0.87 0.338 0.26
6 0.699 0.794 0.065 0.062
6 0.83 0.715 0.228 0.107
6 0.845 0.673 0.226 0.133
6 0.823 0.607 0.254 0.118
6 0.826 0.554 0.226 0.09
6 0.804 0.494 0.347 0.089
6 0.697 0.423 0.598 0.114
6 0.651 0.361 0.697 0.117
6 0.659 0.303 0.682 0.097
6 0.645 0.218 0.557 0.055
6 0.668 0.256 0.556 0.049
6 0.642 0.179 0.609 0.06
6 0.659 0.085 0.595 0.11
6 0.647 0.136 0.632 0.089
6 0.336 0.86 0.673 0.279
6 0.334 0.841 0.668 0.318
6 0.328 0.792 0.655 0.324
6 0.366 0.753 0.723 0.308
6 0.371 0.704 0.732 0.295
6 0.372 0.648 0.741 0.28
6 0.361 0.571 0.722 0.234
6 0.37 0.519 0.698 0.193
0 0.502 0.219 0.149 0.236
7 0.217 0.39 0.435 0.183
7 0.524 0.435 0.406 0.202
7 0.952 0.685 0.096 0.072
7 0.854 0.842 0.291 0.316
1 0.737 0.933 0.424 0.133
0 0.563 0.913 0.042 0.071
5 0.603 0.975 0.084 0.049
