7 0.909 0.15 0.182 0.131
1 0.968 0.307 0.064 0.062
1 0.374 0.493 0.42 0.428
1 0.926 0.247 0.046 0.023
7 0.651 0.463 0.056 0.024
7 0.73 0.582 0.189 0.038
7 0.438 0.563 0.123 0.089
5 0.56 0.517 0.15 0.127
1 0.575 0.538 0.185 0.135
1 0.728 0.528 0.184 0.123
7 0.524 0.418 0.128 0.11
5 0.516 0.29 0.126 0.17
1 0.424 0.359 0.077 0.161
5 0.477 0.501 0.173 0.084
5 0.465 0.461 0.113 0.076
5 0.71 0.716 0.258 0.223
5 0.712 0.289 0.104 0.157
7 0.623 0.361 0.171 0.211
7 0.736 0.476 0.129 0.055
7 0.847 0.361 0.306 0.27
