7 0.823 0.767 0.082 0.051
7 0.853 0.737 0.087 0.122
0 0.813 0.659 0.105 0.108
1 0.491 0.527 0.622 0.483
1 0.297 0.284 0.045 0.04
0 0.25 0.098 0.039 0.037
0 0.301 0.119 0.082 0.037
0 0.219 0.111 0.041 0.019
7 0.27 0.156 0.039 0.015
7 0.31 0.232 0.047 0.054
7 0.376 0.25 0.119 0.044
7 0.397 0.234 0.052 0.042
7 0.256 0.189 0.037 0.026
7 0.105 0.211 0.04 0.023
7 0.217 0.211 0.057 0.023
7 0.249 0.277 0.041 0.021
1 0.577 0.018 0.056 0.033
1 0.611 0.011 0.082 0.023
5 0.416 0.993 0.072 0.014
0 0.981 0.766 0.037 0.062
