6 0.782 0.783 0.306 0.38
1 0.508 0.659 0.053 0.075
1 0.403 0.581 0.1 0.121
6 0.143 0.34 0.112 0.077
6 0.104 0.402 0.158 0.131
6 0.114 0.342 0.101 0.083
7 0.137 0.698 0.126 0.203
1 0.287 0.459 0.092 0.148
1 0.372 0.507 0.152 0.172
1 0.258 0.345 0.166 0.178
1 0.305 0.463 0.026 0.049
1 0.468 0.27 0.232 0.174
1 0.331 0.392 0.087 0.117
1 0.34 0.328 0.027 0.051
1 0.487 0.298 0.133 0.135
1 0.361 0.43 0.119 0.188
7 0.433 0.615 0.109 0.174
1 0.572 0.513 0.348 0.574
7 0.432 0.719 0.11 0.103
7 0.223 0.516 0.172 0.238
7 0.32 0.609 0.129 0.166
7 0.256 0.632 0.067 0.099
7 0.24 0.688 0.094 0.149
7 0.304 0.762 0.169 0.19
