0 0.378 0.083 0.248 0.167
7 0.074 0.26 0.148 0.468
7 0.031 0.123 0.062 0.094
7 0.046 0.076 0.059 0.082
7 0.073 0.291 0.083 0.135
0 0.215 0.083 0.038 0.038
1 0.382 0.508 0.094 0.1
7 0.24 0.339 0.271 0.424
7 0.228 0.265 0.097 0.12
7 0.225 0.132 0.053 0.113
7 0.165 0.116 0.081 0.117
7 0.224 0.079 0.114 0.159
7 0.955 0.127 0.09 0.254
1 0.839 0.201 0.132 0.223
0 0.864 0.182 0.109 0.126
1 0.904 0.616 0.192 0.767
1 0.646 0.423 0.528 0.424
1 0.564 0.277 0.173 0.208
1 0.644 0.316 0.294 0.159
0 0.474 0.272 0.067 0.309
0 0.649 0.466 0.055 0.147
1 0.587 0.544 0.316 0.444
