5 0.456 0.455 0.819 0.72
4 0.401 0.597 0.132 0.057
4 0.452 0.668 0.197 0.098
4 0.411 0.519 0.038 0.017
4 0.313 0.409 0.193 0.182
4 0.489 0.321 0.067 0.115
4 0.37 0.377 0.128 0.173
4 0.48 0.4 0.124 0.116
4 0.444 0.446 0.078 0.145
4 0.567 0.426 0.076 0.046
4 0.413 0.607 0.227 0.099
4 0.539 0.345 0.098 0.132
4 0.333 0.533 0.141 0.099
4 0.354 0.641 0.123 0.048
4 0.464 0.682 0.186 0.069
4 0.393 0.548 0.096 0.053
4 0.736 0.63 0.1 0.035
5 0.55 0.53 0.24 0.18
3 0.692 0.593 0.292 0.159
5 0.078 0.179 0.071 0.026
0 0.142 0.628 0.285 0.744
