7 0.987 0.283 0.025 0.105
0 0.817 0.307 0.074 0.068
0 0.894 0.353 0.072 0.054
0 0.701 0.356 0.076 0.048
0 0.692 0.399 0.052 0.039
2 0.746 0.392 0.094 0.069
0 0.689 0.436 0.062 0.035
0 0.597 0.412 0.11 0.072
1 0.623 0.573 0.422 0.312
0 0.532 0.468 0.049 0.028
7 0.5 0.467 0.028 0.045
7 0.467 0.478 0.037 0.06
6 0.375 0.601 0.185 0.134
0 0.443 0.634 0.055 0.063
0 0.261 0.582 0.126 0.016
0 0.216 0.642 0.056 0.057
0 0.056 0.646 0.029 0.058
0 0.349 0.774 0.086 0.057
7 0.592 0.744 0.16 0.048
0 0.733 0.679 0.074 0.039
0 0.813 0.751 0.062 0.069
7 0.846 0.627 0.043 0.077
1 0.887 0.598 0.12 0.111
