1 0.539 0.326 0.026 0.019
1 0.676 0.246 0.276 0.343
1 0.678 0.331 0.067 0.039
1 0.635 0.35 0.074 0.031
1 0.185 0.712 0.228 0.256
1 0.174 0.585 0.2 0.266
1 0.258 0.492 0.267 0.168
1 0.596 0.7 0.75 0.443
1 0.49 0.563 0.569 0.292
1 0.555 0.517 0.361 0.124
1 0.556 0.442 0.334 0.134
1 0.659 0.447 0.328 0.118
1 0.667 0.429 0.483 0.147
1 0.673 0.409 0.501 0.14
1 0.584 0.377 0.366 0.108
1 0.627 0.106 0.168 0.175
1 0.667 0.185 0.09 0.04
1 0.601 0.178 0.039 0.074
1 0.667 0.237 0.092 0.089
1 0.597 0.213 0.065 0.064
1 0.587 0.263 0.075 0.047
1 0.617 0.286 0.194 0.069
1 0.61 0.325 0.123 0.032
0 0.266 0.833 0.054 0.05
6 0.049 0.843 0.097 0.254
6 0.068 0.981 0.064 0.038
