5 0.896 0.773 0.06 0.01
5 0.986 0.608 0.027 0.075
5 0.986 0.698 0.027 0.062
5 0.936 0.611 0.057 0.108
5 0.924 0.718 0.126 0.136
5 0.055 0.567 0.09 0.071
1 0.19 0.637 0.034 0.044
7 0.135 0.554 0.111 0.194
1 0.402 0.333 0.16 0.112
7 0.48 0.421 0.105 0.272
7 0.368 0.443 0.144 0.196
5 0.951 0.824 0.098 0.096
1 0.235 0.545 0.159 0.263
1 0.271 0.473 0.031 0.059
1 0.21 0.465 0.094 0.084
1 0.251 0.521 0.052 0.034
1 0.246 0.518 0.057 0.04
1 0.24 0.484 0.065 0.07
1 0.2 0.515 0.046 0.06
7 0.644 0.315 0.232 0.468
1 0.691 0.124 0.026 0.051
7 0.724 0.559 0.377 0.383
5 0.928 0.613 0.036 0.075
7 0.371 0.643 0.242 0.217
1 0.944 0.816 0.053 0.074
