1 0.684 0.648 0.39 0.314
1 0.754 0.668 0.223 0.15
1 0.741 0.712 0.111 0.064
1 0.653 0.726 0.037 0.019
1 0.61 0.718 0.071 0.062
1 0.542 0.665 0.121 0.064
1 0.616 0.674 0.188 0.095
1 0.63 0.658 0.137 0.082
1 0.759 0.66 0.126 0.104
2 0.882 0.559 0.053 0.092
1 0.842 0.501 0.134 0.242
1 0.621 0.624 0.06 0.039
1 0.851 0.482 0.056 0.185
1 0.732 0.62 0.209 0.141
1 0.721 0.674 0.065 0.061
1 0.776 0.571 0.054 0.034
1 0.698 0.608 0.117 0.083
1 0.654 0.458 0.515 0.374
1 0.663 0.458 0.11 0.11
1 0.746 0.274 0.205 0.245
7 0.813 0.24 0.032 0.066
1 0.828 0.405 0.051 0.051
0 0.21 0.398 0.26 0.184
1 0.29 0.585 0.404 0.548
1 0.329 0.445 0.106 0.087
1 0.197 0.521 0.212 0.296
1 0.197 0.659 0.068 0.058
1 0.307 0.546 0.189 0.193
