7 0.021 0.264 0.041 0.073
1 0.049 0.496 0.099 0.117
5 0.074 0.316 0.052 0.022
1 0.181 0.389 0.088 0.134
1 0.721 0.274 0.034 0.036
5 0.051 0.289 0.072 0.059
5 0.11 0.293 0.099 0.086
1 0.087 0.403 0.112 0.156
2 0.562 0.293 0.057 0.166
1 0.281 0.413 0.158 0.097
9 0.224 0.604 0.402 0.318
1 0.044 0.779 0.089 0.11
1 0.413 0.772 0.176 0.129
1 0.348 0.791 0.231 0.052
1 0.34 0.783 0.207 0.039
1 0.329 0.766 0.106 0.051
1 0.607 0.74 0.267 0.119
1 0.791 0.377 0.113 0.225
1 0.639 0.437 0.196 0.105
1 0.43 0.428 0.225 0.118
1 0.597 0.59 0.35 0.269
1 0.473 0.507 0.194 0.276
1 0.659 0.344 0.177 0.106
1 0.444 0.328 0.204 0.126
1 0.263 0.351 0.105 0.031
1 0.647 0.232 0.148 0.089
1 0.658 0.276 0.132 0.032
1 0.677 0.855 0.179 0.195
1 0.477 0.867 0.188 0.147
1 0.408 0.707 0.269 0.162
1 0.019 0.705 0.038 0.112
1 0.16 0.815 0.148 0.068
1 0.227 0.789 0.058 0.033
1 0.256 0.37 0.063 0.036
1 0.313 0.364 0.054 0.01
1 0.453 0.238 0.188 0.069
1 0.66 0.252 0.096 0.036
2 0.791 0.316 0.076 0.055
1 0.768 0.306 0.044 0.064
5 0.016 0.394 0.033 0.113
5 0.016 0.593 0.033 0.081
1 0.244 0.32 0.252 0.102
