7 0.923 0.421 0.152 0.758
0 0.108 0.51 0.216 0.824
7 0.44 0.806 0.078 0.042
7 0.942 0.748 0.116 0.083
7 0.923 0.622 0.152 0.249
7 0.548 0.421 0.903 0.842
6 0.604 0.535 0.296 0.136
6 0.557 0.535 0.177 0.099
6 0.362 0.55 0.183 0.07
6 0.422 0.511 0.158 0.095
6 0.752 0.675 0.13 0.25
6 0.592 0.742 0.242 0.169
6 0.444 0.749 0.164 0.064
6 0.261 0.694 0.12 0.109
6 0.419 0.517 0.133 0.087
6 0.481 0.782 0.21 0.052
6 0.426 0.65 0.276 0.228
6 0.654 0.61 0.322 0.207
6 0.704 0.63 0.123 0.114
6 0.345 0.707 0.062 0.052
7 0.955 0.478 0.088 0.175
