5 0.099 0.577 0.198 0.453
5 0.091 0.392 0.183 0.784
5 0.435 0.492 0.869 0.683
4 0.316 0.287 0.129 0.159
4 0.454 0.293 0.104 0.157
4 0.569 0.299 0.116 0.159
4 0.699 0.302 0.117 0.163
4 0.304 0.369 0.135 0.157
4 0.431 0.376 0.118 0.157
4 0.557 0.382 0.112 0.16
4 0.689 0.392 0.123 0.158
4 0.275 0.465 0.144 0.148
4 0.414 0.474 0.128 0.145
4 0.547 0.485 0.12 0.147
4 0.682 0.485 0.128 0.15
4 0.237 0.574 0.17 0.136
4 0.389 0.581 0.142 0.141
4 0.53 0.594 0.13 0.14
4 0.678 0.605 0.141 0.141
4 0.672 0.721 0.144 0.107
4 0.518 0.708 0.141 0.114
4 0.196 0.685 0.189 0.11
4 0.36 0.701 0.16 0.105
