1 0.307 0.841 0.485 0.228
1 0.303 0.826 0.481 0.247
1 0.105 0.685 0.128 0.04
1 0.269 0.645 0.139 0.049
1 0.263 0.629 0.112 0.038
1 0.381 0.721 0.147 0.16
1 0.255 0.829 0.281 0.186
1 0.307 0.729 0.12 0.148
1 0.27 0.717 0.1 0.123
1 0.243 0.735 0.168 0.163
1 0.234 0.759 0.078 0.087
1 0.201 0.767 0.141 0.162
2 0.361 0.669 0.05 0.025
5 0.814 0.743 0.195 0.094
5 0.821 0.676 0.201 0.096
5 0.825 0.608 0.208 0.096
5 0.83 0.538 0.211 0.091
5 0.834 0.466 0.218 0.087
5 0.844 0.39 0.219 0.084
5 0.853 0.309 0.223 0.085
5 0.86 0.224 0.225 0.092
5 0.8 0.137 0.373 0.103
5 0.585 0.768 0.283 0.133
5 0.565 0.687 0.329 0.152
5 0.564 0.618 0.333 0.14
5 0.565 0.546 0.339 0.127
5 0.565 0.472 0.345 0.116
5 0.569 0.393 0.356 0.106
5 0.573 0.309 0.363 0.095
5 0.573 0.213 0.372 0.104
