1 0.611 0.619 0.095 0.279
1 0.456 0.665 0.349 0.312
1 0.044 0.444 0.088 0.151
1 0.205 0.502 0.033 0.04
1 0.259 0.516 0.113 0.301
1 0.342 0.448 0.029 0.084
1 0.319 0.52 0.086 0.311
1 0.345 0.439 0.019 0.052
1 0.361 0.568 0.055 0.221
1 0.535 0.644 0.062 0.126
1 0.493 0.64 0.048 0.121
1 0.458 0.619 0.073 0.093
1 0.431 0.623 0.095 0.111
1 0.655 0.523 0.045 0.208
1 0.542 0.375 0.402 0.426
1 0.406 0.201 0.046 0.144
1 0.466 0.189 0.108 0.05
1 0.713 0.191 0.115 0.251
1 0.65 0.156 0.1 0.146
1 0.584 0.193 0.138 0.071
0 0.468 0.89 0.408 0.22
0 0.222 0.856 0.443 0.287
0 0.154 0.751 0.308 0.498
