7 0.42 0.126 0.187 0.252
7 0.339 0.168 0.087 0.132
7 0.271 0.318 0.185 0.436
0 0.543 0.224 0.101 0.179
7 0.451 0.291 0.096 0.122
7 0.492 0.41 0.046 0.206
7 0.375 0.464 0.228 0.492
0 0.619 0.198 0.115 0.176
0 0.725 0.265 0.104 0.113
7 0.901 0.537 0.144 0.316
7 0.929 0.696 0.142 0.144
7 0.585 0.399 0.187 0.318
7 0.906 0.843 0.188 0.313
7 0.747 0.473 0.266 0.329
7 0.663 0.752 0.399 0.494
7 0.512 0.952 0.117 0.096
5 0.752 0.341 0.155 0.103
0 0.541 0.488 0.125 0.197
1 0.589 0.311 0.056 0.019
0 0.376 0.212 0.036 0.074
0 0.574 0.195 0.028 0.054
0 0.617 0.13 0.042 0.021
0 0.719 0.252 0.064 0.055
2 0.428 0.604 0.048 0.071
2 0.389 0.587 0.042 0.135
2 0.35 0.607 0.047 0.154
