0 0.596 0.792 0.807 0.415
1 0.352 0.973 0.143 0.053
0 0.387 0.554 0.774 0.738
5 0.385 0.163 0.145 0.182
7 0.501 0.222 0.097 0.136
0 0.35 0.281 0.101 0.128
7 0.429 0.275 0.139 0.212
3 0.573 0.237 0.186 0.081
5 0.527 0.399 0.129 0.083
5 0.605 0.372 0.058 0.053
5 0.605 0.3 0.312 0.13
5 0.79 0.384 0.216 0.205
1 0.615 0.413 0.054 0.069
0 0.692 0.378 0.145 0.139
2 0.657 0.431 0.114 0.072
5 0.743 0.511 0.188 0.138
0 0.834 0.454 0.084 0.07
1 0.654 0.551 0.061 0.042
5 0.455 0.435 0.413 0.231
1 0.771 0.344 0.162 0.101
