1 0.575 0.692 0.203 0.294
1 0.574 0.654 0.241 0.379
1 0.599 0.581 0.08 0.149
1 0.572 0.626 0.024 0.038
1 0.535 0.667 0.053 0.086
1 0.577 0.59 0.107 0.154
1 0.53 0.484 0.266 0.231
1 0.543 0.373 0.119 0.158
1 0.553 0.28 0.135 0.097
1 0.4 0.277 0.257 0.329
1 0.126 0.559 0.192 0.216
1 0.344 0.634 0.394 0.478
0 0.107 0.482 0.026 0.04
1 0.245 0.433 0.335 0.448
0 0.328 0.387 0.036 0.043
1 0.267 0.427 0.181 0.25
1 0.229 0.474 0.142 0.053
1 0.231 0.458 0.137 0.038
1 0.267 0.458 0.108 0.039
1 0.238 0.425 0.168 0.043
1 0.227 0.419 0.222 0.077
