0 0.511 0.793 0.039 0.053
1 0.164 0.895 0.087 0.063
7 0.703 0.333 0.063 0.164
7 0.68 0.44 0.146 0.117
7 0.014 0.562 0.028 0.12
1 0.322 0.373 0.089 0.066
1 0.353 0.426 0.116 0.12
5 0.341 0.427 0.06 0.046
7 0.411 0.429 0.065 0.057
7 0.473 0.485 0.066 0.169
1 0.502 0.505 0.097 0.192
1 0.354 0.565 0.195 0.198
1 0.357 0.522 0.085 0.09
1 0.413 0.486 0.126 0.122
1 0.233 0.542 0.06 0.046
7 0.203 0.441 0.094 0.173
7 0.283 0.469 0.149 0.175
1 0.082 0.561 0.153 0.235
1 0.064 0.5 0.091 0.081
1 0.154 0.602 0.143 0.221
1 0.238 0.695 0.227 0.257
1 0.235 0.615 0.125 0.119
1 0.224 0.635 0.098 0.052
7 0.219 0.652 0.044 0.016
7 0.464 0.664 0.138 0.261
1 0.603 0.33 0.155 0.284
0 0.672 0.515 0.095 0.246
1 0.839 0.343 0.178 0.084
1 0.83 0.326 0.112 0.113
1 0.839 0.423 0.32 0.231
7 0.788 0.531 0.142 0.149
7 0.75 0.601 0.166 0.212
1 0.574 0.174 0.142 0.292
0 0.585 0.614 0.149 0.283
7 0.711 0.774 0.155 0.157
1 0.691 0.692 0.081 0.121
7 0.674 0.814 0.118 0.232
1 0.83 0.315 0.044 0.032
0 0.326 0.688 0.015 0.078
0 0.21 0.663 0.165 0.031
