6 0.119 0.922 0.237 0.156
1 0.47 0.804 0.166 0.087
5 0.981 0.152 0.037 0.055
5 0.984 0.113 0.031 0.049
5 0.987 0.072 0.025 0.047
5 0.991 0.027 0.018 0.048
5 0.864 0.174 0.213 0.066
5 0.866 0.132 0.217 0.064
5 0.872 0.085 0.223 0.066
5 0.877 0.037 0.226 0.066
5 0.877 0.01 0.224 0.019
5 0.722 0.299 0.055 0.043
5 0.72 0.349 0.031 0.065
2 0.804 0.457 0.041 0.037
1 0.344 0.777 0.097 0.045
1 0.356 0.611 0.061 0.051
1 0.349 0.598 0.061 0.042
1 0.448 0.189 0.24 0.169
1 0.5 0.264 0.453 0.232
1 0.529 0.396 0.43 0.18
1 0.571 0.458 0.502 0.203
1 0.341 0.549 0.127 0.08
1 0.421 0.494 0.268 0.184
1 0.48 0.661 0.299 0.251
