7 0.179 0.192 0.359 0.367
7 0.5 0.5 1.0 1.0
7 0.868 0.355 0.068 0.048
1 0.898 0.428 0.074 0.031
1 0.823 0.466 0.159 0.087
7 0.435 0.763 0.144 0.089
2 0.89 0.528 0.187 0.186
7 0.234 0.756 0.322 0.212
5 0.731 0.519 0.19 0.198
5 0.873 0.559 0.141 0.062
1 0.713 0.487 0.172 0.111
7 0.819 0.379 0.172 0.045
1 0.639 0.211 0.427 0.312
1 0.822 0.416 0.096 0.02
0 0.735 0.423 0.062 0.045
0 0.433 0.323 0.051 0.033
1 0.474 0.332 0.139 0.066
0 0.478 0.349 0.078 0.033
5 0.603 0.692 0.447 0.176
0 0.2 0.728 0.05 0.072
1 0.126 0.68 0.252 0.392
0 0.502 0.546 0.702 0.448
