7 0.5 0.56 0.048 0.028
7 0.338 0.402 0.079 0.111
1 0.217 0.604 0.268 0.083
1 0.305 0.635 0.087 0.049
0 0.674 0.969 0.058 0.061
2 0.938 0.899 0.08 0.055
0 0.95 0.79 0.099 0.348
1 0.432 0.931 0.234 0.137
1 0.662 0.633 0.043 0.046
7 0.201 0.745 0.272 0.3
7 0.694 0.291 0.148 0.058
7 0.404 0.534 0.198 0.2
7 0.38 0.621 0.062 0.051
7 0.495 0.779 0.374 0.442
1 0.717 0.457 0.565 0.349
7 0.881 0.768 0.238 0.189
0 0.917 0.965 0.165 0.07
7 0.972 0.251 0.055 0.071
7 0.151 0.62 0.057 0.02
0 0.846 0.391 0.308 0.105
