7 0.981 0.241 0.038 0.028
7 0.964 0.179 0.071 0.14
7 0.956 0.205 0.085 0.088
7 0.663 0.246 0.163 0.143
0 0.577 0.182 0.084 0.124
7 0.705 0.377 0.154 0.145
5 0.684 0.333 0.055 0.095
7 0.639 0.428 0.186 0.14
7 0.42 0.348 0.073 0.027
7 0.512 0.437 0.062 0.031
7 0.549 0.365 0.234 0.142
7 0.482 0.273 0.249 0.14
7 0.457 0.496 0.249 0.152
1 0.377 0.406 0.207 0.121
7 0.312 0.325 0.142 0.121
1 0.199 0.553 0.217 0.072
5 0.202 0.544 0.214 0.075
1 0.188 0.536 0.225 0.075
5 0.182 0.524 0.207 0.05
1 0.148 0.519 0.151 0.047
1 0.14 0.508 0.127 0.044
5 0.207 0.496 0.216 0.05
7 0.185 0.389 0.255 0.214
