1 0.344 0.113 0.039 0.225
0 0.376 0.107 0.065 0.214
1 0.383 0.363 0.288 0.246
1 0.322 0.236 0.054 0.071
1 0.441 0.209 0.052 0.03
1 0.419 0.225 0.027 0.038
1 0.328 0.318 0.178 0.283
1 0.352 0.3 0.092 0.129
3 0.344 0.355 0.039 0.036
1 0.4 0.333 0.046 0.133
1 0.351 0.389 0.145 0.195
1 0.436 0.284 0.068 0.217
1 0.51 0.567 0.171 0.399
1 0.299 0.663 0.41 0.478
1 0.292 0.51 0.178 0.105
1 0.679 0.466 0.215 0.543
7 0.671 0.27 0.043 0.074
1 0.76 0.307 0.039 0.049
1 0.625 0.32 0.07 0.214
1 0.724 0.295 0.074 0.058
1 0.701 0.403 0.146 0.165
7 0.733 0.436 0.027 0.064
1 0.66 0.358 0.045 0.146
1 0.698 0.392 0.078 0.181
1 0.62 0.371 0.045 0.128
0 0.672 0.418 0.078 0.1
1 0.639 0.45 0.117 0.05
0 0.04 0.367 0.079 0.094
0 0.031 0.292 0.062 0.095
0 0.029 0.249 0.057 0.115
0 0.019 0.161 0.038 0.155
