5 0.499 0.5 0.998 1.0
1 0.354 0.567 0.312 0.138
5 0.791 0.407 0.105 0.134
4 0.825 0.485 0.092 0.134
4 0.726 0.615 0.038 0.058
2 0.751 0.564 0.058 0.092
4 0.488 0.715 0.099 0.102
4 0.238 0.829 0.118 0.108
5 0.547 0.362 0.179 0.1
5 0.399 0.436 0.321 0.129
5 0.666 0.285 0.113 0.14
1 0.687 0.362 0.113 0.104
0 0.638 0.202 0.016 0.057
5 0.727 0.454 0.219 0.166
5 0.464 0.509 0.079 0.104
3 0.807 0.58 0.144 0.115
5 0.262 0.697 0.275 0.242
0 0.366 0.773 0.164 0.124
5 0.456 0.618 0.163 0.205
7 0.173 0.875 0.027 0.041
5 0.617 0.494 0.235 0.212
1 0.656 0.506 0.101 0.158
5 0.61 0.63 0.234 0.188
1 0.653 0.62 0.095 0.126
0 0.485 0.443 0.062 0.052
0 0.49 0.636 0.078 0.025
0 0.319 0.539 0.17 0.116
