0 0.724 0.443 0.029 0.077
1 0.382 0.671 0.474 0.658
0 0.32 0.597 0.119 0.153
7 0.368 0.58 0.049 0.05
7 0.679 0.33 0.11 0.079
0 0.361 0.493 0.135 0.222
0 0.521 0.528 0.03 0.039
2 0.466 0.169 0.156 0.263
7 0.367 0.291 0.106 0.395
7 0.542 0.332 0.249 0.398
0 0.724 0.518 0.084 0.101
0 0.197 0.476 0.183 0.321
0 0.447 0.937 0.13 0.101
7 0.47 0.502 0.081 0.205
7 0.488 0.31 0.135 0.078
1 0.652 0.235 0.058 0.076
1 0.429 0.44 0.023 0.077
7 0.697 0.309 0.065 0.106
0 0.749 0.356 0.039 0.204
2 0.654 0.439 0.193 0.255
7 0.25 0.546 0.117 0.368
2 0.425 0.701 0.306 0.209
0 0.215 0.728 0.121 0.073
0 0.254 0.862 0.132 0.111
