7 0.599 0.517 0.075 0.031
1 0.562 0.323 0.092 0.088
7 0.484 0.392 0.117 0.127
7 0.505 0.531 0.169 0.082
7 0.621 0.345 0.083 0.039
1 0.303 0.521 0.283 0.1
7 0.459 0.745 0.056 0.135
7 0.4 0.606 0.193 0.185
7 0.841 0.506 0.235 0.212
0 0.314 0.791 0.338 0.395
7 0.746 0.51 0.086 0.078
1 0.64 0.43 0.17 0.143
7 0.649 0.504 0.046 0.026
1 0.482 0.172 0.545 0.344
1 0.667 0.716 0.495 0.461
1 0.328 0.484 0.294 0.071
1 0.298 0.415 0.32 0.156
1 0.255 0.359 0.302 0.142
1 0.232 0.311 0.28 0.092
1 0.232 0.286 0.255 0.09
1 0.156 0.2 0.251 0.222
7 0.74 0.318 0.271 0.228
0 0.519 0.432 0.15 0.156
