5 0.715 0.83 0.068 0.048
5 0.589 0.85 0.778 0.299
7 0.17 0.497 0.067 0.199
1 0.195 0.475 0.073 0.095
7 0.237 0.547 0.139 0.173
5 0.223 0.672 0.083 0.139
5 0.374 0.428 0.496 0.587
0 0.281 0.724 0.101 0.259
7 0.7 0.535 0.097 0.134
5 0.736 0.594 0.096 0.157
5 0.651 0.63 0.098 0.101
5 0.737 0.73 0.171 0.222
1 0.685 0.778 0.102 0.094
1 0.373 0.759 0.233 0.192
5 0.434 0.417 0.489 0.489
1 0.706 0.639 0.196 0.057
3 0.456 0.683 0.422 0.247
1 0.426 0.853 0.211 0.187
5 0.618 0.338 0.153 0.167
0 0.726 0.535 0.047 0.054
