5 0.502 0.575 0.61 0.416
1 0.596 0.458 0.517 0.324
1 0.681 0.501 0.185 0.263
1 0.651 0.5 0.204 0.207
7 0.393 0.48 0.174 0.101
0 0.474 0.699 0.137 0.119
0 0.311 0.684 0.135 0.097
0 0.408 0.66 0.299 0.094
0 0.324 0.545 0.142 0.076
0 0.575 0.703 0.037 0.033
0 0.575 0.738 0.156 0.04
0 0.367 0.602 0.281 0.05
0 0.421 0.496 0.15 0.098
0 0.439 0.571 0.163 0.08
0 0.358 0.61 0.193 0.158
2 0.597 0.586 0.224 0.226
5 0.589 0.459 0.251 0.096
0 0.499 0.682 0.137 0.147
1 0.599 0.572 0.223 0.173
0 0.463 0.685 0.192 0.142
0 0.654 0.661 0.183 0.129
1 0.016 0.795 0.031 0.202
0 0.959 0.859 0.081 0.215
0 0.934 0.765 0.131 0.364
0 0.981 0.657 0.037 0.068
