1 0.918 0.273 0.163 0.159
0 0.645 0.219 0.293 0.127
0 0.52 0.161 0.035 0.064
0 0.473 0.221 0.067 0.087
3 0.563 0.3 0.038 0.048
0 0.535 0.301 0.033 0.056
0 0.414 0.341 0.316 0.158
2 0.496 0.278 0.06 0.118
1 0.282 0.137 0.465 0.275
7 0.607 0.192 0.286 0.385
7 0.834 0.121 0.331 0.241
0 0.205 0.329 0.042 0.052
1 0.42 0.465 0.26 0.456
0 0.533 0.45 0.085 0.097
3 0.615 0.435 0.04 0.048
1 0.3 0.523 0.353 0.415
5 0.332 0.508 0.163 0.233
7 0.381 0.49 0.21 0.224
7 0.59 0.754 0.192 0.119
1 0.698 0.536 0.338 0.48
5 0.362 0.114 0.217 0.228
7 0.324 0.134 0.261 0.215
