5 0.859 0.661 0.194 0.065
7 0.855 0.461 0.21 0.173
1 0.044 0.62 0.086 0.043
1 0.263 0.377 0.208 0.137
7 0.035 0.586 0.07 0.045
7 0.074 0.492 0.148 0.156
7 0.141 0.409 0.233 0.171
7 0.523 0.339 0.249 0.083
1 0.665 0.389 0.093 0.023
7 0.488 0.41 0.3 0.1
1 0.311 0.416 0.076 0.065
1 0.279 0.416 0.045 0.035
7 0.626 0.725 0.146 0.054
5 0.833 0.549 0.057 0.035
1 0.646 0.555 0.382 0.32
1 0.092 0.666 0.026 0.039
1 0.287 0.568 0.484 0.371
1 0.248 0.596 0.1 0.102
1 0.385 0.598 0.064 0.038
1 0.372 0.511 0.222 0.273
1 0.398 0.585 0.067 0.076
1 0.532 0.384 0.147 0.113
1 0.575 0.448 0.179 0.063
1 0.662 0.531 0.283 0.139
1 0.587 0.515 0.16 0.072
2 0.531 0.497 0.03 0.057
1 0.637 0.486 0.182 0.114
6 0.662 0.527 0.233 0.125
2 0.883 0.559 0.05 0.038
5 0.905 0.689 0.189 0.09
0 0.966 0.73 0.067 0.06
0 0.934 0.76 0.108 0.058
