1 0.68 0.341 0.187 0.392
1 0.668 0.21 0.063 0.045
0 0.88 0.479 0.095 0.014
5 0.132 0.738 0.032 0.111
7 0.062 0.8 0.125 0.219
1 0.717 0.507 0.183 0.209
1 0.696 0.425 0.028 0.083
1 0.697 0.505 0.052 0.052
1 0.81 0.532 0.021 0.047
5 0.735 0.416 0.071 0.137
5 0.776 0.468 0.103 0.124
5 0.746 0.533 0.043 0.029
6 0.389 0.682 0.517 0.315
6 0.522 0.443 0.195 0.289
2 0.517 0.389 0.043 0.083
6 0.325 0.625 0.391 0.398
1 0.217 0.223 0.14 0.087
5 0.24 0.247 0.224 0.178
1 0.316 0.29 0.225 0.267
3 0.408 0.367 0.058 0.079
1 0.403 0.368 0.048 0.056
0 0.383 0.678 0.274 0.286
5 0.266 0.412 0.273 0.313
7 0.14 0.874 0.281 0.251
1 0.688 0.759 0.386 0.481
1 0.672 0.783 0.268 0.433
7 0.642 0.788 0.173 0.252
3 0.628 0.854 0.11 0.099
5 0.69 0.821 0.032 0.167
7 0.409 0.864 0.426 0.272
0 0.277 0.357 0.163 0.33
0 0.433 0.495 0.121 0.056
0 0.523 0.41 0.192 0.102
0 0.743 0.81 0.15 0.38
