5 0.385 0.126 0.182 0.123
5 0.379 0.19 0.177 0.046
5 0.342 0.235 0.268 0.07
5 0.37 0.294 0.228 0.084
5 0.406 0.311 0.198 0.07
5 0.568 0.562 0.029 0.038
5 0.563 0.527 0.026 0.039
5 0.556 0.491 0.028 0.04
5 0.546 0.455 0.035 0.042
5 0.539 0.405 0.033 0.068
5 0.389 0.367 0.306 0.09
1 0.746 0.32 0.185 0.052
7 0.81 0.43 0.307 0.26
5 0.566 0.614 0.021 0.04
5 0.398 0.603 0.338 0.121
5 0.442 0.842 0.404 0.172
5 0.42 0.744 0.408 0.228
5 0.384 0.561 0.346 0.134
5 0.368 0.51 0.354 0.14
5 0.352 0.45 0.362 0.15
