1 0.901 0.656 0.196 0.203
1 0.837 0.867 0.157 0.224
7 0.784 0.958 0.096 0.083
6 0.853 0.737 0.097 0.039
0 0.091 0.953 0.181 0.093
7 0.335 0.929 0.33 0.142
1 0.078 0.583 0.156 0.191
7 0.202 0.792 0.404 0.259
1 0.202 0.602 0.129 0.256
1 0.677 0.609 0.59 0.69
1 0.299 0.68 0.305 0.141
1 0.675 0.77 0.368 0.46
7 0.527 0.437 0.078 0.09
1 0.358 0.503 0.462 0.427
1 0.393 0.494 0.292 0.158
7 0.462 0.489 0.042 0.059
1 0.38 0.512 0.192 0.115
7 0.362 0.507 0.139 0.08
1 0.373 0.537 0.11 0.059
0 0.376 0.548 0.078 0.034
0 0.503 0.34 0.106 0.064
7 0.913 0.903 0.173 0.194
1 0.868 0.835 0.051 0.054
1 0.379 0.552 0.05 0.02
1 0.628 0.828 0.336 0.342
0 0.499 0.811 0.096 0.181
