1 0.48 0.559 0.96 0.881
0 0.898 0.22 0.203 0.3
1 0.116 0.115 0.233 0.079
1 0.517 0.5 0.728 1.0
1 0.134 0.062 0.269 0.124
1 0.626 0.073 0.545 0.146
1 0.681 0.737 0.159 0.226
1 0.687 0.546 0.262 0.471
1 0.701 0.521 0.119 0.336
0 0.753 0.213 0.148 0.36
0 0.699 0.246 0.155 0.365
0 0.678 0.302 0.104 0.203
0 0.628 0.323 0.071 0.207
1 0.61 0.301 0.054 0.132
1 0.593 0.303 0.058 0.126
2 0.54 0.359 0.164 0.061
2 0.536 0.355 0.166 0.066
2 0.511 0.286 0.2 0.149
1 0.302 0.649 0.081 0.246
1 0.029 0.161 0.058 0.112
1 0.157 0.208 0.149 0.13
1 0.143 0.187 0.172 0.073
1 0.047 0.616 0.093 0.324
1 0.405 0.632 0.167 0.462
1 0.472 0.683 0.126 0.225
1 0.512 0.675 0.127 0.165
1 0.296 0.398 0.066 0.574
1 0.383 0.3 0.186 0.6
2 0.532 0.476 0.282 0.202
2 0.541 0.565 0.279 0.195
1 0.534 0.22 0.184 0.111
0 0.338 0.077 0.111 0.062
0 0.822 0.487 0.154 0.289
