7 0.85 0.045 0.05 0.09
7 0.896 0.044 0.056 0.088
5 0.974 0.146 0.042 0.076
1 0.904 0.165 0.118 0.157
0 0.96 0.208 0.042 0.071
4 0.946 0.232 0.035 0.033
4 0.981 0.254 0.038 0.21
5 0.906 0.193 0.05 0.09
1 0.777 0.352 0.041 0.039
0 0.783 0.326 0.048 0.025
1 0.816 0.284 0.101 0.027
1 0.811 0.261 0.118 0.05
1 0.814 0.238 0.123 0.064
5 0.932 0.35 0.135 0.249
7 0.476 0.441 0.377 0.291
7 0.712 0.198 0.12 0.337
7 0.726 0.465 0.448 0.464
5 0.56 0.462 0.104 0.277
5 0.444 0.53 0.129 0.354
5 0.248 0.518 0.146 0.351
7 0.049 0.532 0.099 0.228
4 0.032 0.269 0.064 0.276
5 0.054 0.288 0.029 0.229
