1 0.337 0.675 0.341 0.425
7 0.549 0.292 0.12 0.139
1 0.517 0.222 0.063 0.025
7 0.391 0.259 0.245 0.333
7 0.255 0.46 0.081 0.173
5 0.597 0.267 0.036 0.038
5 0.591 0.293 0.023 0.057
7 0.524 0.32 0.118 0.158
6 0.759 0.294 0.138 0.181
7 0.689 0.379 0.119 0.154
6 0.741 0.566 0.123 0.247
5 0.733 0.87 0.065 0.107
0 0.544 0.87 0.071 0.066
1 0.251 0.695 0.122 0.079
1 0.404 0.674 0.034 0.049
1 0.322 0.582 0.261 0.275
1 0.322 0.516 0.256 0.272
1 0.288 0.589 0.09 0.043
1 0.301 0.495 0.143 0.194
1 0.372 0.499 0.077 0.235
1 0.402 0.5 0.079 0.244
1 0.415 0.64 0.05 0.07
1 0.411 0.699 0.062 0.029
1 0.31 0.708 0.095 0.039
6 0.625 0.833 0.183 0.185
7 0.528 0.452 0.157 0.195
6 0.681 0.705 0.157 0.189
7 0.619 0.606 0.263 0.351
