1 0.386 0.336 0.25 0.425
1 0.399 0.573 0.261 0.74
1 0.426 0.525 0.205 0.577
1 0.437 0.511 0.163 0.482
1 0.435 0.516 0.164 0.509
1 0.575 0.537 0.263 0.533
1 0.62 0.232 0.128 0.1
1 0.608 0.303 0.149 0.194
1 0.606 0.31 0.146 0.167
1 0.589 0.341 0.15 0.118
1 0.513 0.398 0.065 0.236
1 0.527 0.481 0.024 0.08
1 0.545 0.463 0.036 0.136
1 0.577 0.459 0.033 0.15
1 0.549 0.509 0.019 0.041
1 0.624 0.475 0.112 0.175
1 0.651 0.482 0.036 0.117
1 0.618 0.507 0.059 0.094
1 0.628 0.43 0.069 0.061
2 0.602 0.474 0.049 0.052
