7 0.408 0.506 0.116 0.117
7 0.491 0.488 0.067 0.087
7 0.451 0.576 0.17 0.096
7 0.268 0.424 0.276 0.206
1 0.101 0.529 0.16 0.127
0 0.087 0.576 0.175 0.29
5 0.074 0.726 0.148 0.117
1 0.192 0.69 0.112 0.082
7 0.284 0.738 0.277 0.143
0 0.111 0.696 0.223 0.225
7 0.121 0.875 0.242 0.25
5 0.236 0.859 0.052 0.034
0 0.308 0.781 0.22 0.108
6 0.82 0.692 0.037 0.068
0 0.317 0.707 0.062 0.033
0 0.321 0.754 0.053 0.069
3 0.412 0.755 0.06 0.044
5 0.449 0.798 0.09 0.034
5 0.484 0.711 0.089 0.066
7 0.404 0.645 0.235 0.13
6 0.67 0.771 0.29 0.177
6 0.667 0.653 0.302 0.189
1 0.83 0.618 0.043 0.093
6 0.706 0.605 0.268 0.053
6 0.69 0.512 0.342 0.191
6 0.728 0.4 0.375 0.14
6 0.74 0.3 0.354 0.062
6 0.733 0.201 0.376 0.183
7 0.66 0.32 0.291 0.084
7 0.738 0.755 0.173 0.073
1 0.915 0.651 0.107 0.06
