1 0.648 0.317 0.017 0.052
9 0.149 0.876 0.298 0.247
1 0.218 0.509 0.15 0.225
1 0.442 0.227 0.067 0.098
7 0.054 0.203 0.043 0.058
7 0.266 0.051 0.09 0.103
7 0.173 0.256 0.118 0.163
1 0.385 0.385 0.026 0.031
7 0.219 0.298 0.184 0.235
1 0.319 0.408 0.131 0.098
1 0.394 0.416 0.063 0.097
1 0.339 0.297 0.171 0.188
1 0.562 0.526 0.162 0.252
1 0.543 0.487 0.114 0.132
1 0.535 0.307 0.218 0.229
0 0.504 0.569 0.045 0.09
7 0.46 0.41 0.132 0.225
7 0.366 0.706 0.297 0.503
1 0.446 0.447 0.095 0.157
7 0.414 0.488 0.103 0.09
1 0.671 0.874 0.219 0.251
1 0.829 0.894 0.07 0.087
1 0.736 0.805 0.27 0.219
1 0.66 0.649 0.195 0.229
7 0.41 0.527 0.162 0.147
1 0.578 0.491 0.071 0.16
1 0.06 0.432 0.119 0.134
1 0.794 0.736 0.025 0.068
7 0.728 0.684 0.116 0.095
1 0.797 0.607 0.31 0.263
1 0.632 0.576 0.075 0.082
1 0.897 0.552 0.019 0.042
1 0.81 0.418 0.354 0.315
7 0.789 0.512 0.279 0.089
1 0.792 0.486 0.185 0.1
1 0.785 0.405 0.023 0.11
5 0.747 0.274 0.08 0.108
5 0.693 0.311 0.064 0.111
1 0.884 0.419 0.187 0.165
1 0.766 0.391 0.106 0.134
1 0.825 0.335 0.194 0.129
7 0.923 0.388 0.131 0.18
0 0.656 0.45 0.148 0.179
0 0.176 0.478 0.047 0.107
