1 0.582 0.647 0.134 0.072
0 0.456 0.464 0.033 0.021
7 0.35 0.616 0.04 0.023
0 0.344 0.45 0.049 0.02
7 0.264 0.308 0.314 0.17
7 0.23 0.416 0.158 0.097
7 0.083 0.379 0.165 0.093
1 0.096 0.447 0.175 0.124
0 0.039 0.441 0.078 0.059
5 0.339 0.478 0.062 0.037
5 0.337 0.5 0.085 0.033
5 0.208 0.452 0.055 0.055
1 0.277 0.467 0.118 0.084
7 0.345 0.538 0.071 0.108
7 0.45 0.487 0.127 0.026
7 0.44 0.569 0.16 0.216
7 0.424 0.647 0.11 0.054
5 0.22 0.489 0.084 0.037
5 0.367 0.655 0.108 0.072
1 0.213 0.568 0.292 0.205
5 0.077 0.499 0.079 0.077
1 0.186 0.52 0.087 0.06
7 0.271 0.56 0.19 0.108
5 0.32 0.559 0.067 0.052
5 0.281 0.578 0.078 0.054
5 0.527 0.685 0.06 0.059
1 0.422 0.838 0.125 0.072
7 0.449 0.697 0.153 0.13
1 0.756 0.803 0.155 0.042
1 0.698 0.644 0.109 0.063
1 0.814 0.594 0.215 0.139
1 0.816 0.739 0.204 0.161
1 0.815 0.683 0.138 0.1
5 0.854 0.711 0.092 0.05
1 0.867 0.734 0.15 0.082
1 0.859 0.54 0.043 0.042
5 0.816 0.907 0.068 0.067
1 0.618 0.761 0.364 0.235
7 0.687 0.776 0.06 0.044
5 0.676 0.701 0.058 0.052
0 0.698 0.686 0.056 0.049
0 0.168 0.525 0.048 0.04
