4 0.569 0.153 0.044 0.15
4 0.554 0.237 0.039 0.099
4 0.533 0.282 0.05 0.172
4 0.522 0.339 0.044 0.163
4 0.423 0.449 0.095 0.239
4 0.777 0.506 0.074 0.25
4 0.849 0.525 0.078 0.271
4 0.927 0.533 0.091 0.26
4 0.704 0.498 0.073 0.242
4 0.499 0.444 0.086 0.242
4 0.56 0.458 0.077 0.239
4 0.629 0.481 0.07 0.249
4 0.3 0.426 0.106 0.223
4 0.359 0.431 0.099 0.229
4 0.064 0.421 0.127 0.221
4 0.094 0.158 0.037 0.078
4 0.065 0.21 0.043 0.104
4 0.144 0.058 0.033 0.075
4 0.114 0.113 0.042 0.087
4 0.226 0.409 0.116 0.228
