7 0.959 0.574 0.081 0.363
7 0.94 0.596 0.12 0.374
1 0.744 0.755 0.327 0.195
1 0.725 0.555 0.349 0.343
1 0.777 0.519 0.19 0.04
0 0.745 0.557 0.03 0.061
1 0.782 0.435 0.199 0.19
1 0.612 0.133 0.156 0.158
7 0.346 0.418 0.103 0.144
7 0.413 0.5 0.037 0.086
7 0.345 0.531 0.096 0.175
7 0.431 0.42 0.13 0.137
7 0.5 0.579 0.151 0.311
1 0.534 0.323 0.037 0.023
7 0.381 0.64 0.171 0.266
5 0.381 0.526 0.065 0.095
7 0.428 0.293 0.159 0.189
1 0.642 0.505 0.158 0.234
1 0.621 0.287 0.31 0.35
1 0.622 0.539 0.053 0.028
0 0.677 0.41 0.034 0.035
