1 0.482 0.939 0.232 0.121
1 0.282 0.279 0.09 0.305
1 0.286 0.2 0.085 0.138
1 0.298 0.184 0.038 0.055
1 0.41 0.289 0.253 0.308
1 0.423 0.28 0.334 0.218
1 0.43 0.29 0.16 0.217
1 0.446 0.224 0.126 0.05
1 0.413 0.31 0.11 0.18
1 0.471 0.285 0.083 0.139
1 0.554 0.315 0.214 0.237
1 0.35 0.403 0.027 0.041
1 0.372 0.392 0.04 0.019
1 0.603 0.336 0.188 0.26
1 0.641 0.487 0.147 0.12
1 0.336 0.548 0.464 0.31
1 0.54 0.502 0.167 0.069
1 0.561 0.719 0.062 0.052
2 0.663 0.899 0.106 0.171
1 0.546 0.745 0.073 0.071
1 0.48 0.783 0.1 0.146
1 0.562 0.825 0.166 0.206
1 0.693 0.658 0.239 0.382
1 0.475 0.619 0.29 0.198
2 0.389 0.804 0.126 0.191
