0 0.402 0.574 0.067 0.033
0 0.611 0.533 0.059 0.048
0 0.581 0.602 0.185 0.069
3 0.629 0.582 0.118 0.063
5 0.488 0.64 0.206 0.083
5 0.499 0.588 0.053 0.035
0 0.667 0.434 0.121 0.083
0 0.713 0.477 0.146 0.008
0 0.621 0.368 0.137 0.13
1 0.443 0.457 0.083 0.063
1 0.446 0.545 0.09 0.059
1 0.5 0.524 0.127 0.106
1 0.577 0.472 0.136 0.092
5 0.491 0.466 0.045 0.061
4 0.283 0.488 0.114 0.053
2 0.058 0.561 0.095 0.11
2 0.289 0.643 0.051 0.054
1 0.223 0.571 0.294 0.256
0 0.397 0.466 0.22 0.074
5 0.248 0.395 0.308 0.106
5 0.277 0.584 0.11 0.078
1 0.144 0.473 0.287 0.275
2 0.328 0.647 0.072 0.062
0 0.279 0.69 0.082 0.045
0 0.148 0.655 0.058 0.069
0 0.361 0.664 0.059 0.071
0 0.463 0.178 0.093 0.073
2 0.506 0.206 0.179 0.133
