1 0.556 0.845 0.469 0.122
1 0.561 0.842 0.456 0.108
1 0.503 0.832 0.075 0.045
1 0.45 0.808 0.091 0.022
1 0.71 0.828 0.352 0.165
1 0.602 0.689 0.563 0.37
1 0.608 0.785 0.436 0.102
1 0.83 0.593 0.085 0.091
1 0.537 0.671 0.43 0.089
1 0.394 0.288 0.402 0.481
1 0.491 0.72 0.373 0.039
1 0.522 0.679 0.416 0.048
1 0.66 0.655 0.173 0.056
1 0.385 0.665 0.116 0.061
1 0.489 0.558 0.349 0.16
1 0.674 0.499 0.188 0.048
1 0.592 0.589 0.42 0.182
1 0.312 0.162 0.178 0.224
1 0.23 0.181 0.06 0.137
1 0.213 0.264 0.109 0.117
1 0.373 0.156 0.052 0.074
1 0.357 0.163 0.036 0.076
1 0.609 0.751 0.46 0.262
1 0.462 0.845 0.037 0.034
