0 0.04 0.451 0.08 0.101
5 0.624 0.514 0.388 0.32
7 0.719 0.427 0.134 0.087
0 0.515 0.459 0.141 0.09
0 0.601 0.505 0.027 0.023
1 0.532 0.411 0.071 0.041
5 0.587 0.41 0.083 0.105
5 0.51 0.544 0.062 0.03
3 0.536 0.514 0.156 0.054
2 0.496 0.461 0.118 0.072
7 0.67 0.417 0.035 0.037
0 0.637 0.408 0.067 0.091
5 0.67 0.49 0.117 0.073
0 0.622 0.477 0.137 0.048
0 0.773 0.457 0.045 0.037
4 0.774 0.498 0.039 0.024
2 0.777 0.466 0.093 0.046
0 0.641 0.514 0.088 0.063
4 0.544 0.567 0.056 0.04
2 0.682 0.562 0.081 0.051
0 0.739 0.516 0.107 0.104
0 0.764 0.509 0.063 0.046
3 0.787 0.521 0.191 0.196
5 0.84 0.456 0.068 0.06
