1 0.532 0.074 0.06 0.148
1 0.877 0.244 0.077 0.033
1 0.914 0.177 0.171 0.105
5 0.706 0.562 0.237 0.163
1 0.883 0.066 0.233 0.132
1 0.725 0.018 0.086 0.015
1 0.731 0.008 0.105 0.016
1 0.669 0.317 0.43 0.34
1 0.69 0.158 0.501 0.316
1 0.694 0.11 0.341 0.097
1 0.661 0.049 0.2 0.027
7 0.924 0.874 0.094 0.087
1 0.896 0.692 0.1 0.109
1 0.255 0.651 0.51 0.356
7 0.655 0.752 0.506 0.382
5 0.643 0.737 0.127 0.153
0 0.627 0.749 0.06 0.127
3 0.621 0.765 0.106 0.09
7 0.96 0.893 0.08 0.085
1 0.292 0.344 0.204 0.098
1 0.685 0.108 0.281 0.112
1 0.618 0.332 0.035 0.028
1 0.667 0.342 0.108 0.046
1 0.774 0.362 0.123 0.023
1 0.787 0.348 0.059 0.041
1 0.743 0.341 0.048 0.031
1 0.58 0.344 0.047 0.033
1 0.825 0.337 0.053 0.037
1 0.59 0.324 0.067 0.018
1 0.733 0.33 0.048 0.015
7 0.536 0.322 0.044 0.054
