6 0.698 0.174 0.352 0.169
6 0.403 0.261 0.303 0.163
6 0.695 0.225 0.299 0.136
6 0.394 0.337 0.261 0.157
6 0.688 0.363 0.313 0.166
6 0.396 0.439 0.274 0.161
6 0.679 0.468 0.302 0.144
6 0.658 0.54 0.28 0.144
6 0.376 0.554 0.268 0.195
6 0.359 0.676 0.303 0.125
6 0.636 0.66 0.275 0.215
6 0.349 0.736 0.299 0.073
6 0.346 0.846 0.295 0.196
6 0.618 0.84 0.291 0.237
0 0.694 0.246 0.291 0.034
0 0.659 0.536 0.272 0.027
0 0.356 0.688 0.291 0.038
0 0.635 0.723 0.265 0.068
0 0.354 0.803 0.277 0.052
0 0.348 0.908 0.296 0.064
0 0.346 0.604 0.09 0.792
0 0.629 0.552 0.148 0.895
0 0.42 0.239 0.097 0.034
