1 0.535 0.612 0.41 0.396
1 0.324 0.888 0.35 0.223
1 0.459 0.949 0.16 0.101
1 0.243 0.661 0.176 0.328
1 0.22 0.713 0.041 0.037
1 0.671 0.491 0.465 0.43
1 0.664 0.476 0.457 0.392
1 0.669 0.494 0.379 0.297
1 0.669 0.462 0.37 0.321
1 0.501 0.541 0.072 0.125
2 0.765 0.487 0.071 0.054
1 0.645 0.442 0.3 0.208
1 0.517 0.418 0.165 0.329
1 0.646 0.464 0.179 0.147
1 0.742 0.474 0.038 0.035
1 0.335 0.604 0.089 0.229
1 0.385 0.533 0.051 0.311
1 0.424 0.673 0.02 0.036
1 0.419 0.627 0.034 0.126
1 0.416 0.541 0.043 0.221
1 0.331 0.524 0.015 0.073
1 0.316 0.421 0.077 0.202
1 0.348 0.456 0.037 0.119
0 0.364 0.474 0.065 0.157
1 0.431 0.477 0.096 0.298
1 0.447 0.41 0.06 0.161
1 0.462 0.328 0.095 0.232
