1 0.84 0.059 0.143 0.117
1 0.456 0.025 0.153 0.049
1 0.667 0.042 0.29 0.084
1 0.423 0.829 0.847 0.341
1 0.69 0.766 0.169 0.072
1 0.881 0.838 0.237 0.323
1 0.92 0.557 0.159 0.349
1 0.903 0.273 0.194 0.547
1 0.936 0.814 0.127 0.171
1 0.977 0.61 0.046 0.055
1 0.957 0.621 0.049 0.046
1 0.86 0.608 0.046 0.114
1 0.2 0.057 0.4 0.115
1 0.757 0.744 0.121 0.055
1 0.071 0.413 0.143 0.263
1 0.06 0.406 0.12 0.222
1 0.489 0.51 0.699 0.459
1 0.527 0.575 0.682 0.398
1 0.568 0.557 0.464 0.227
1 0.497 0.352 0.922 0.505
1 0.409 0.196 0.817 0.319
