3 0.883 0.395 0.234 0.789
0 0.768 0.361 0.298 0.362
5 0.444 0.551 0.093 0.485
4 0.557 0.479 0.126 0.171
4 0.633 0.661 0.152 0.456
4 0.499 0.732 0.136 0.396
2 0.311 0.875 0.194 0.098
2 0.309 0.858 0.195 0.092
2 0.308 0.84 0.198 0.093
2 0.308 0.821 0.198 0.091
2 0.307 0.803 0.199 0.088
2 0.306 0.783 0.201 0.089
2 0.305 0.764 0.202 0.086
2 0.304 0.745 0.204 0.084
2 0.304 0.725 0.204 0.081
2 0.302 0.706 0.205 0.077
2 0.303 0.687 0.206 0.076
2 0.303 0.667 0.208 0.075
2 0.302 0.646 0.209 0.075
2 0.301 0.626 0.21 0.072
2 0.301 0.606 0.211 0.069
2 0.3 0.584 0.213 0.068
2 0.3 0.564 0.214 0.065
2 0.299 0.542 0.217 0.065
2 0.298 0.521 0.218 0.063
2 0.298 0.5 0.218 0.058
2 0.297 0.477 0.221 0.055
2 0.297 0.454 0.223 0.054
2 0.295 0.431 0.224 0.052
2 0.295 0.407 0.225 0.049
2 0.293 0.383 0.226 0.047
2 0.29 0.203 0.229 0.359
