0 0.363 0.423 0.168 0.063
0 0.524 0.291 0.195 0.079
3 0.113 0.917 0.116 0.098
5 0.875 0.268 0.138 0.149
5 0.881 0.383 0.159 0.097
5 0.747 0.213 0.264 0.165
5 0.856 0.238 0.062 0.038
3 0.895 0.233 0.064 0.042
0 0.933 0.321 0.134 0.31
0 0.795 0.319 0.103 0.123
0 0.782 0.407 0.092 0.095
5 0.739 0.202 0.288 0.135
3 0.524 0.347 0.471 0.2
0 0.872 0.564 0.255 0.302
0 0.654 0.388 0.195 0.224
0 0.691 0.308 0.042 0.076
0 0.815 0.592 0.185 0.223
5 0.731 0.568 0.029 0.094
3 0.201 0.418 0.183 0.113
5 0.236 0.535 0.199 0.186
0 0.382 0.499 0.175 0.208
3 0.022 0.565 0.045 0.223
0 0.197 0.656 0.393 0.457
0 0.564 0.704 0.357 0.537
0 0.685 0.171 0.096 0.075
3 0.023 0.817 0.047 0.092
