7 0.71 0.523 0.19 0.384
7 0.548 0.612 0.272 0.529
1 0.293 0.757 0.418 0.485
1 0.32 0.543 0.053 0.078
1 0.22 0.722 0.356 0.284
1 0.365 0.673 0.152 0.078
2 0.346 0.773 0.115 0.241
1 0.574 0.343 0.04 0.079
1 0.582 0.331 0.052 0.084
1 0.629 0.31 0.072 0.09
1 0.678 0.326 0.042 0.093
1 0.685 0.319 0.037 0.099
2 0.632 0.335 0.068 0.085
1 0.602 0.37 0.044 0.042
2 0.631 0.38 0.036 0.025
1 0.118 0.745 0.111 0.153
1 0.182 0.813 0.041 0.034
1 0.17 0.718 0.07 0.19
1 0.196 0.759 0.017 0.071
1 0.194 0.683 0.04 0.126
1 0.227 0.719 0.09 0.22
1 0.267 0.767 0.169 0.205
2 0.252 0.758 0.054 0.097
2 0.286 0.764 0.084 0.105
1 0.372 0.786 0.078 0.141
1 0.298 0.561 0.038 0.046
5 0.488 0.409 0.071 0.085
5 0.535 0.419 0.126 0.066
5 0.507 0.438 0.059 0.075
5 0.46 0.482 0.098 0.132
1 0.49 0.805 0.058 0.069
