7 0.067 0.669 0.134 0.377
7 0.079 0.371 0.158 0.236
6 0.372 0.704 0.25 0.296
0 0.369 0.686 0.243 0.243
6 0.202 0.743 0.173 0.201
0 0.226 0.766 0.119 0.173
7 0.021 0.465 0.042 0.063
7 0.099 0.561 0.182 0.397
7 0.317 0.578 0.079 0.218
7 0.581 0.617 0.201 0.272
7 0.662 0.488 0.092 0.089
7 0.739 0.693 0.226 0.438
7 0.853 0.579 0.109 0.089
7 0.713 0.491 0.067 0.03
7 0.677 0.752 0.067 0.083
7 0.694 0.838 0.106 0.123
7 0.543 0.81 0.118 0.202
7 0.597 0.784 0.134 0.164
7 0.656 0.444 0.06 0.051
1 0.558 0.415 0.185 0.297
7 0.457 0.177 0.047 0.054
7 0.346 0.35 0.272 0.241
7 0.47 0.276 0.183 0.2
7 0.434 0.139 0.056 0.126
7 0.23 0.542 0.199 0.376
5 0.167 0.38 0.035 0.035
7 0.155 0.392 0.115 0.063
5 0.109 0.403 0.073 0.051
