5 0.686 0.071 0.093 0.142
5 0.761 0.142 0.105 0.07
2 0.832 0.161 0.101 0.085
1 0.761 0.326 0.307 0.336
5 0.662 0.338 0.028 0.066
5 0.572 0.259 0.024 0.057
1 0.734 0.458 0.188 0.193
0 0.242 0.053 0.245 0.105
0 0.528 0.098 0.379 0.195
0 0.693 0.777 0.171 0.205
0 0.796 0.679 0.226 0.226
0 0.766 0.56 0.085 0.089
1 0.611 0.419 0.175 0.367
5 0.566 0.136 0.18 0.2
1 0.337 0.61 0.564 0.461
1 0.345 0.611 0.552 0.572
5 0.307 0.338 0.222 0.171
1 0.688 0.591 0.17 0.126
2 0.614 0.307 0.075 0.114
0 0.721 0.315 0.063 0.042
0 0.558 0.322 0.48 0.372
3 0.605 0.248 0.049 0.058
0 0.697 0.395 0.054 0.053
5 0.748 0.04 0.119 0.08
5 0.749 0.08 0.061 0.08
5 0.688 0.085 0.064 0.087
7 0.333 0.419 0.267 0.195
