7 0.069 0.622 0.139 0.554
6 0.824 0.715 0.207 0.237
6 0.654 0.664 0.206 0.3
6 0.661 0.559 0.21 0.13
7 0.765 0.458 0.454 0.36
5 0.924 0.577 0.036 0.083
2 0.898 0.558 0.047 0.076
2 0.891 0.598 0.031 0.037
1 0.876 0.543 0.065 0.161
1 0.849 0.553 0.092 0.116
7 0.794 0.526 0.126 0.148
7 0.853 0.464 0.023 0.067
5 0.825 0.441 0.052 0.058
5 0.758 0.475 0.073 0.057
5 0.707 0.446 0.084 0.058
5 0.686 0.461 0.089 0.05
7 0.56 0.392 0.021 0.035
5 0.6 0.465 0.125 0.133
7 0.691 0.4 0.219 0.128
7 0.693 0.376 0.175 0.12
7 0.689 0.348 0.177 0.136
6 0.463 0.68 0.234 0.387
6 0.227 0.775 0.248 0.252
0 0.226 0.707 0.24 0.059
0 0.23 0.736 0.236 0.055
6 0.318 0.566 0.435 0.278
0 0.319 0.549 0.435 0.098
0 0.323 0.579 0.424 0.109
7 0.319 0.231 0.411 0.433
0 0.659 0.506 0.038 0.099
0 0.702 0.52 0.089 0.108
