1 0.239 0.4 0.061 0.083
5 0.979 0.241 0.042 0.18
1 0.769 0.428 0.091 0.108
7 0.904 0.51 0.192 0.392
1 0.087 0.383 0.148 0.114
5 0.085 0.387 0.12 0.1
1 0.096 0.41 0.039 0.062
1 0.096 0.429 0.036 0.038
1 0.056 0.47 0.104 0.126
1 0.42 0.689 0.174 0.22
1 0.148 0.421 0.102 0.125
7 0.353 0.418 0.215 0.354
1 0.231 0.669 0.275 0.484
6 0.231 0.631 0.136 0.156
1 0.159 0.535 0.25 0.333
1 0.533 0.617 0.202 0.293
1 0.678 0.567 0.307 0.367
1 0.844 0.683 0.307 0.381
1 0.808 0.747 0.167 0.204
0 0.223 0.634 0.219 0.327
