7 0.949 0.425 0.101 0.277
1 0.834 0.711 0.199 0.397
6 0.514 0.445 0.136 0.219
7 0.687 0.348 0.266 0.322
1 0.854 0.613 0.193 0.303
1 0.822 0.707 0.039 0.08
1 0.796 0.687 0.037 0.054
1 0.854 0.692 0.059 0.123
1 0.88 0.668 0.025 0.078
1 0.883 0.676 0.074 0.162
1 0.9 0.638 0.02 0.072
1 0.892 0.681 0.062 0.127
1 0.891 0.683 0.073 0.159
7 0.351 0.36 0.218 0.442
7 0.551 0.475 0.168 0.174
7 0.612 0.328 0.053 0.056
7 0.077 0.597 0.154 0.35
7 0.14 0.592 0.083 0.086
7 0.294 0.621 0.269 0.415
7 0.045 0.377 0.077 0.1
5 0.32 0.137 0.069 0.041
5 0.393 0.173 0.061 0.02
7 0.175 0.373 0.305 0.406
7 0.556 0.766 0.394 0.467
2 0.111 0.718 0.044 0.056
7 0.619 0.283 0.053 0.061
1 0.832 0.619 0.17 0.123
5 0.283 0.162 0.043 0.036
