1 0.435 0.5 0.128 0.13
1 0.348 0.702 0.325 0.243
1 0.441 0.576 0.085 0.148
1 0.611 0.527 0.472 0.354
1 0.746 0.348 0.109 0.101
0 0.173 0.787 0.146 0.118
1 0.56 0.352 0.296 0.304
1 0.731 0.395 0.054 0.016
1 0.459 0.566 0.09 0.154
1 0.432 0.524 0.074 0.068
6 0.284 0.558 0.222 0.143
1 0.428 0.597 0.078 0.13
1 0.337 0.645 0.179 0.109
1 0.341 0.674 0.166 0.096
1 0.37 0.672 0.137 0.073
1 0.348 0.684 0.172 0.074
7 0.582 0.721 0.208 0.216
7 0.555 0.631 0.049 0.023
7 0.234 0.558 0.118 0.143
0 0.691 0.511 0.036 0.046
