6 0.113 0.786 0.145 0.234
6 0.022 0.784 0.044 0.227
6 0.029 0.845 0.059 0.083
6 0.586 0.778 0.201 0.081
6 0.963 0.675 0.065 0.023
6 0.802 0.74 0.085 0.16
7 0.486 0.681 0.879 0.54
5 0.564 0.488 0.315 0.099
6 0.382 0.494 0.098 0.118
6 0.619 0.409 0.085 0.081
6 0.539 0.443 0.132 0.095
6 0.306 0.516 0.124 0.106
6 0.214 0.567 0.067 0.053
6 0.101 0.598 0.046 0.047
6 0.152 0.586 0.058 0.053
6 0.744 0.302 0.157 0.133
6 0.039 0.395 0.079 0.147
6 0.127 0.366 0.112 0.082
6 0.108 0.414 0.091 0.09
6 0.127 0.515 0.253 0.195
