7 0.254 0.519 0.303 0.349
7 0.438 0.485 0.313 0.354
1 0.756 0.387 0.291 0.333
1 0.636 0.271 0.036 0.063
7 0.305 0.239 0.388 0.318
1 0.719 0.551 0.258 0.407
1 0.811 0.61 0.03 0.14
1 0.729 0.682 0.134 0.007
1 0.711 0.674 0.173 0.009
1 0.7 0.666 0.194 0.01
1 0.7 0.658 0.195 0.009
1 0.699 0.649 0.196 0.019
1 0.7 0.642 0.195 0.013
1 0.762 0.629 0.08 0.016
1 0.713 0.624 0.195 0.067
1 0.75 0.609 0.092 0.011
1 0.766 0.599 0.062 0.015
1 0.775 0.54 0.04 0.114
1 0.773 0.593 0.062 0.01
1 0.773 0.534 0.064 0.124
1 0.773 0.523 0.066 0.141
1 0.762 0.518 0.067 0.133
1 0.734 0.523 0.085 0.138
1 0.641 0.565 0.204 0.186
1 0.594 0.54 0.196 0.148
1 0.814 0.609 0.029 0.131
1 0.777 0.191 0.218 0.073
1 0.753 0.219 0.217 0.168
1 0.772 0.204 0.221 0.08
1 0.745 0.257 0.172 0.096
1 0.798 0.265 0.171 0.047
1 0.787 0.277 0.175 0.061
