5 0.552 0.227 0.033 0.042
5 0.587 0.181 0.102 0.092
5 0.442 0.255 0.045 0.093
5 0.611 0.316 0.06 0.047
5 0.485 0.213 0.103 0.122
5 0.61 0.27 0.133 0.117
5 0.32 0.235 0.175 0.132
5 0.332 0.302 0.081 0.1
5 0.398 0.274 0.065 0.155
5 0.481 0.339 0.242 0.183
5 0.521 0.425 0.068 0.082
5 0.277 0.419 0.05 0.105
5 0.273 0.5 0.018 0.064
5 0.229 0.358 0.073 0.241
5 0.301 0.453 0.047 0.107
5 0.275 0.34 0.187 0.147
5 0.216 0.646 0.125 0.502
5 0.414 0.532 0.357 0.338
5 0.314 0.718 0.085 0.108
5 0.568 0.605 0.35 0.122
5 0.624 0.635 0.131 0.082
5 0.546 0.624 0.104 0.078
5 0.254 0.93 0.184 0.14
5 0.542 0.821 0.076 0.128
5 0.371 0.765 0.329 0.302
5 0.501 0.942 0.144 0.116
5 0.896 0.633 0.062 0.194
5 0.79 0.763 0.151 0.091
5 0.654 0.672 0.076 0.081
5 0.777 0.638 0.072 0.081
5 0.711 0.672 0.107 0.141
5 0.806 0.692 0.235 0.19
5 0.627 0.967 0.078 0.065
5 0.614 0.818 0.256 0.358
5 0.836 0.859 0.315 0.282
5 0.677 0.981 0.063 0.038
5 0.571 0.934 0.124 0.132
5 0.394 0.882 0.337 0.236
5 0.225 0.941 0.032 0.053
5 0.673 0.261 0.065 0.065
5 0.664 0.281 0.183 0.13
5 0.851 0.439 0.145 0.201
5 0.825 0.286 0.149 0.324
5 0.754 0.312 0.156 0.201
5 0.71 0.489 0.346 0.298
5 0.634 0.252 0.069 0.086
