5 0.644 0.483 0.097 0.063
0 0.628 0.489 0.047 0.058
3 0.668 0.532 0.055 0.05
1 0.812 0.354 0.119 0.11
1 0.435 0.694 0.214 0.297
4 0.525 0.72 0.035 0.169
0 0.424 0.7 0.093 0.06
0 0.487 0.688 0.049 0.059
1 0.184 0.548 0.277 0.275
1 0.192 0.505 0.233 0.118
0 0.174 0.438 0.043 0.067
5 0.244 0.533 0.061 0.069
7 0.363 0.438 0.122 0.315
5 0.433 0.349 0.073 0.097
7 0.601 0.605 0.153 0.21
1 0.59 0.463 0.044 0.099
1 0.507 0.376 0.099 0.046
1 0.54 0.411 0.089 0.089
1 0.475 0.41 0.116 0.074
7 0.506 0.526 0.176 0.275
1 0.848 0.429 0.053 0.043
7 0.797 0.516 0.147 0.179
7 0.731 0.425 0.184 0.205
5 0.713 0.635 0.086 0.255
7 0.652 0.705 0.201 0.229
1 0.915 0.245 0.095 0.22
2 0.796 0.56 0.045 0.039
5 0.754 0.575 0.042 0.073
1 0.476 0.761 0.055 0.064
1 0.491 0.546 0.133 0.218
2 0.449 0.559 0.048 0.034
5 0.507 0.498 0.04 0.057
0 0.453 0.498 0.03 0.068
5 0.447 0.545 0.053 0.04
