1 0.816 0.339 0.086 0.05
1 0.864 0.397 0.086 0.087
1 0.949 0.547 0.086 0.091
1 0.887 0.513 0.096 0.144
1 0.232 0.349 0.261 0.254
4 0.229 0.375 0.034 0.067
0 0.357 0.884 0.04 0.108
1 0.718 0.431 0.363 0.296
1 0.945 0.661 0.108 0.155
1 0.792 0.746 0.33 0.378
1 0.474 0.351 0.128 0.161
1 0.371 0.528 0.205 0.3
1 0.492 0.657 0.34 0.348
1 0.502 0.577 0.249 0.344
2 0.238 0.429 0.04 0.055
1 0.184 0.632 0.306 0.454
1 0.327 0.462 0.099 0.175
4 0.191 0.405 0.034 0.047
4 0.276 0.34 0.045 0.067
4 0.326 0.346 0.022 0.046
4 0.276 0.394 0.043 0.065
5 0.328 0.577 0.049 0.095
0 0.319 0.567 0.018 0.047
1 0.586 0.749 0.088 0.091
