1 0.535 0.607 0.192 0.102
7 0.944 0.841 0.111 0.078
6 0.625 0.549 0.346 0.119
1 0.919 0.793 0.064 0.169
1 0.891 0.803 0.094 0.171
7 0.234 0.484 0.418 0.32
1 0.644 0.621 0.07 0.048
7 0.358 0.666 0.311 0.209
5 0.403 0.69 0.092 0.054
1 0.321 0.559 0.192 0.121
1 0.677 0.805 0.419 0.351
5 0.384 0.687 0.094 0.053
5 0.379 0.649 0.104 0.119
5 0.304 0.651 0.177 0.107
7 0.899 0.656 0.166 0.147
7 0.689 0.365 0.527 0.407
1 0.719 0.697 0.357 0.25
7 0.968 0.806 0.063 0.093
1 0.499 0.728 0.082 0.062
5 0.794 0.607 0.061 0.039
5 0.857 0.654 0.077 0.043
5 0.913 0.606 0.087 0.071
5 0.26 0.674 0.1 0.061
1 0.281 0.333 0.21 0.065
