5 0.725 0.929 0.244 0.142
5 0.641 0.719 0.409 0.562
1 0.846 0.583 0.096 0.162
1 0.922 0.726 0.156 0.386
1 0.783 0.749 0.348 0.291
1 0.72 0.797 0.324 0.128
1 0.72 0.789 0.297 0.068
1 0.688 0.672 0.362 0.267
1 0.489 0.655 0.14 0.272
1 0.319 0.746 0.231 0.187
1 0.408 0.888 0.304 0.223
1 0.249 0.827 0.141 0.345
1 0.154 0.818 0.196 0.364
1 0.086 0.9 0.172 0.2
1 0.339 0.459 0.334 0.199
1 0.088 0.847 0.176 0.205
1 0.34 0.622 0.304 0.241
1 0.113 0.582 0.226 0.358
1 0.676 0.562 0.266 0.253
0 0.652 0.723 0.198 0.083
0 0.768 0.888 0.108 0.209
1 0.654 0.26 0.367 0.52
