9 0.341 0.396 0.115 0.147
5 0.251 0.586 0.117 0.089
5 0.293 0.402 0.073 0.06
5 0.217 0.456 0.102 0.187
5 0.131 0.268 0.168 0.22
7 0.097 0.521 0.194 0.35
1 0.21 0.864 0.083 0.271
7 0.616 0.688 0.184 0.175
7 0.926 0.432 0.148 0.263
6 0.922 0.548 0.156 0.234
6 0.858 0.515 0.211 0.234
0 0.687 0.419 0.057 0.045
7 0.522 0.52 0.209 0.23
1 0.419 0.471 0.116 0.162
9 0.805 0.713 0.328 0.354
1 0.301 0.503 0.163 0.18
0 0.352 0.607 0.099 0.138
6 0.385 0.829 0.302 0.342
5 0.159 0.698 0.209 0.157
5 0.023 0.744 0.045 0.103
7 0.03 0.9 0.061 0.199
7 0.395 0.49 0.067 0.1
