7 0.575 0.694 0.059 0.062
7 0.541 0.723 0.057 0.079
7 0.587 0.778 0.122 0.181
7 0.527 0.545 0.09 0.082
7 0.63 0.456 0.111 0.102
6 0.717 0.45 0.058 0.035
7 0.793 0.527 0.202 0.178
5 0.771 0.448 0.085 0.043
5 0.826 0.433 0.049 0.026
7 0.742 0.303 0.239 0.269
7 0.947 0.616 0.105 0.109
7 0.835 0.733 0.255 0.291
7 0.68 0.578 0.331 0.265
7 0.659 0.457 0.062 0.05
7 0.693 0.488 0.056 0.032
7 0.734 0.821 0.336 0.244
7 0.213 0.646 0.18 0.232
5 0.268 0.553 0.044 0.033
7 0.37 0.664 0.295 0.311
7 0.437 0.863 0.228 0.229
7 0.45 0.69 0.204 0.199
1 0.569 0.223 0.228 0.278
