6 0.895 0.214 0.05 0.053
1 0.922 0.268 0.155 0.104
7 0.964 0.293 0.071 0.133
7 0.876 0.304 0.111 0.192
7 0.933 0.587 0.134 0.484
0 0.792 0.495 0.176 0.545
5 0.572 0.676 0.245 0.172
5 0.572 0.643 0.255 0.147
5 0.576 0.617 0.263 0.151
5 0.576 0.591 0.275 0.151
5 0.546 0.557 0.356 0.166
5 0.55 0.544 0.361 0.169
7 0.292 0.671 0.363 0.483
5 0.552 0.52 0.367 0.183
5 0.554 0.437 0.375 0.319
5 0.537 0.459 0.052 0.058
5 0.587 0.416 0.052 0.05
5 0.67 0.426 0.074 0.136
5 0.607 0.46 0.074 0.144
1 0.938 0.274 0.041 0.047
5 0.927 0.236 0.033 0.033
5 0.938 0.244 0.041 0.023
1 0.264 0.581 0.217 0.166
7 0.911 0.366 0.066 0.07
5 0.54 0.501 0.089 0.14
