7 0.535 0.511 0.125 0.247
7 0.817 0.185 0.23 0.211
1 0.766 0.502 0.353 0.365
1 0.421 0.593 0.174 0.146
6 0.726 0.289 0.353 0.357
7 0.418 0.81 0.306 0.379
1 0.403 0.423 0.366 0.261
7 0.387 0.577 0.183 0.122
1 0.381 0.464 0.166 0.048
1 0.399 0.441 0.195 0.044
1 0.426 0.408 0.25 0.069
1 0.404 0.307 0.412 0.194
6 0.375 0.183 0.298 0.338
1 0.36 0.318 0.187 0.073
5 0.427 0.702 0.077 0.084
7 0.355 0.701 0.067 0.044
0 0.383 0.751 0.241 0.079
1 0.365 0.836 0.151 0.122
1 0.299 0.811 0.042 0.077
0 0.305 0.803 0.068 0.054
1 0.853 0.109 0.294 0.219
1 0.966 0.303 0.053 0.093
1 0.91 0.262 0.08 0.127
1 0.859 0.407 0.178 0.142
1 0.873 0.625 0.254 0.588
7 0.893 0.576 0.214 0.482
6 0.681 0.456 0.169 0.212
7 0.642 0.705 0.171 0.276
0 0.629 0.479 0.113 0.21
0 0.687 0.538 0.023 0.101
0 0.269 0.775 0.021 0.042
