7 0.47 0.372 0.301 0.327
1 0.546 0.944 0.189 0.112
5 0.677 0.577 0.301 0.133
1 0.404 0.647 0.22 0.198
6 0.413 0.726 0.131 0.159
5 0.564 0.756 0.289 0.287
1 0.136 0.507 0.098 0.13
6 0.105 0.596 0.083 0.154
1 0.219 0.367 0.078 0.127
5 0.469 0.397 0.247 0.139
5 0.462 0.293 0.246 0.117
6 0.29 0.093 0.081 0.187
0 0.296 0.236 0.062 0.077
1 0.362 0.212 0.121 0.075
7 0.445 0.1 0.272 0.2
6 0.433 0.51 0.162 0.16
5 0.302 0.626 0.262 0.2
7 0.212 0.477 0.071 0.107
5 0.295 0.373 0.104 0.307
1 0.207 0.606 0.228 0.228
1 0.863 0.016 0.158 0.032
1 0.755 0.932 0.016 0.039
