1 0.789 0.803 0.054 0.047
1 0.883 0.364 0.233 0.162
7 0.62 0.186 0.055 0.101
5 0.632 0.269 0.085 0.15
6 0.032 0.256 0.063 0.058
6 0.043 0.285 0.086 0.038
6 0.058 0.302 0.115 0.048
6 0.059 0.344 0.099 0.062
7 0.133 0.299 0.117 0.084
5 0.363 0.563 0.05 0.043
6 0.256 0.297 0.173 0.087
6 0.4 0.269 0.151 0.124
6 0.487 0.331 0.089 0.202
6 0.451 0.324 0.067 0.091
0 0.275 0.386 0.213 0.406
6 0.389 0.397 0.187 0.253
4 0.647 0.361 0.045 0.034
7 0.665 0.518 0.188 0.327
5 0.674 0.382 0.042 0.044
7 0.457 0.48 0.15 0.148
