7 0.683 0.222 0.35 0.445
1 0.671 0.437 0.16 0.319
1 0.302 0.655 0.283 0.36
1 0.327 0.648 0.104 0.128
1 0.681 0.914 0.048 0.02
7 0.216 0.56 0.141 0.234
1 0.314 0.504 0.182 0.203
1 0.648 0.848 0.203 0.139
1 0.639 0.692 0.165 0.193
1 0.903 0.846 0.09 0.196
1 0.796 0.718 0.183 0.443
1 0.791 0.535 0.212 0.248
5 0.658 0.326 0.046 0.052
5 0.705 0.334 0.036 0.039
0 0.658 0.284 0.049 0.076
0 0.762 0.305 0.046 0.076
7 0.497 0.201 0.185 0.246
1 0.378 0.285 0.285 0.382
7 0.571 0.288 0.072 0.038
7 0.471 0.663 0.145 0.24
7 0.549 0.458 0.15 0.308
7 0.473 0.484 0.057 0.119
