0 0.017 0.244 0.033 0.157
7 0.11 0.301 0.187 0.249
6 0.633 0.527 0.018 0.056
6 0.731 0.561 0.066 0.077
7 0.437 0.525 0.376 0.082
6 0.337 0.392 0.271 0.207
0 0.267 0.362 0.124 0.074
7 0.196 0.516 0.073 0.033
6 0.221 0.564 0.16 0.101
1 0.348 0.77 0.428 0.373
1 0.348 0.711 0.366 0.172
7 0.545 0.92 0.027 0.066
1 0.696 0.867 0.057 0.04
1 0.693 0.657 0.181 0.228
5 0.54 0.607 0.239 0.131
1 0.094 0.753 0.172 0.286
6 0.074 0.614 0.149 0.145
7 0.044 0.633 0.065 0.066
5 0.688 0.252 0.402 0.331
5 0.586 0.535 0.016 0.094
