0 0.509 0.033 0.158 0.063
7 0.5 0.539 1.0 0.912
2 0.313 0.643 0.267 0.164
2 0.744 0.744 0.036 0.05
2 0.686 0.696 0.099 0.076
2 0.71 0.652 0.167 0.137
2 0.798 0.61 0.133 0.215
2 0.769 0.511 0.068 0.044
2 0.719 0.579 0.113 0.119
2 0.611 0.666 0.113 0.091
2 0.614 0.75 0.278 0.105
2 0.597 0.502 0.108 0.086
2 0.703 0.422 0.056 0.029
2 0.631 0.56 0.243 0.275
2 0.452 0.649 0.136 0.118
2 0.66 0.532 0.392 0.204
2 0.611 0.287 0.054 0.029
2 0.667 0.359 0.323 0.154
2 0.201 0.359 0.254 0.147
2 0.1 0.346 0.198 0.16
2 0.25 0.338 0.185 0.143
2 0.108 0.613 0.125 0.088
2 0.079 0.493 0.086 0.071
2 0.091 0.552 0.133 0.147
2 0.178 0.492 0.116 0.152
2 0.324 0.278 0.033 0.041
2 0.384 0.397 0.088 0.049
2 0.427 0.299 0.176 0.075
2 0.273 0.455 0.178 0.104
2 0.437 0.482 0.495 0.355
2 0.443 0.455 0.123 0.084
2 0.378 0.507 0.161 0.114
0 0.331 0.368 0.092 0.087
2 0.389 0.326 0.106 0.118
0 0.386 0.323 0.043 0.022
0 0.182 0.276 0.042 0.025
0 0.154 0.57 0.063 0.032
5 0.264 0.325 0.076 0.102
