6 0.191 0.054 0.105 0.108
7 0.483 0.019 0.046 0.037
7 0.261 0.05 0.164 0.1
7 0.403 0.036 0.129 0.072
7 0.343 0.133 0.148 0.239
6 0.165 0.33 0.255 0.325
7 0.422 0.26 0.263 0.37
7 0.539 0.111 0.145 0.223
1 0.461 0.075 0.118 0.093
1 0.367 0.101 0.056 0.055
7 0.133 0.558 0.215 0.384
0 0.253 0.818 0.173 0.363
7 0.79 0.026 0.107 0.053
7 0.634 0.096 0.234 0.193
7 0.769 0.127 0.177 0.192
1 0.64 0.813 0.212 0.215
1 0.652 0.737 0.24 0.252
7 0.837 0.38 0.303 0.491
7 0.617 0.415 0.326 0.501
3 0.159 0.104 0.094 0.136
0 0.495 0.574 0.125 0.252
1 0.387 0.596 0.192 0.337
1 0.33 0.565 0.025 0.034
1 0.344 0.613 0.017 0.058
1 0.373 0.565 0.06 0.145
1 0.347 0.552 0.017 0.059
1 0.308 0.381 0.269 0.356
1 0.424 0.547 0.061 0.144
