5 0.037 0.575 0.051 0.042
1 0.012 0.581 0.025 0.041
0 0.097 0.576 0.036 0.012
0 0.046 0.607 0.071 0.03
4 0.092 0.597 0.071 0.027
2 0.109 0.626 0.072 0.055
7 0.146 0.68 0.034 0.037
1 0.815 0.536 0.207 0.078
0 0.155 0.827 0.078 0.043
0 0.272 0.881 0.138 0.18
1 0.896 0.645 0.207 0.125
0 0.86 0.675 0.047 0.035
0 0.894 0.649 0.042 0.019
0 0.908 0.697 0.055 0.023
0 0.717 0.949 0.059 0.101
0 0.878 0.754 0.055 0.049
0 0.832 0.616 0.038 0.018
4 0.347 0.776 0.071 0.044
0 0.833 0.711 0.051 0.024
0 0.8 0.695 0.054 0.035
0 0.788 0.715 0.054 0.029
5 0.796 0.642 0.039 0.028
7 0.783 0.583 0.125 0.105
0 0.796 0.701 0.073 0.073
5 0.752 0.586 0.067 0.041
7 0.771 0.749 0.069 0.057
4 0.739 0.725 0.057 0.023
1 0.725 0.771 0.047 0.057
2 0.518 0.808 0.059 0.047
0 0.741 0.677 0.056 0.024
0 0.612 0.738 0.125 0.045
1 0.608 0.772 0.051 0.033
2 0.517 0.714 0.04 0.042
5 0.572 0.708 0.106 0.067
5 0.673 0.758 0.089 0.049
5 0.504 0.769 0.167 0.047
0 0.622 0.786 0.755 0.144
0 0.475 0.734 0.07 0.035
1 0.661 0.695 0.046 0.029
1 0.46 0.711 0.259 0.099
0 0.43 0.726 0.065 0.046
0 0.401 0.739 0.099 0.044
0 0.655 0.675 0.067 0.033
1 0.721 0.694 0.082 0.055
0 0.392 0.778 0.043 0.036
2 0.541 0.65 0.068 0.039
7 0.492 0.631 0.074 0.059
9 0.618 0.678 0.205 0.137
7 0.676 0.593 0.226 0.151
4 0.597 0.567 0.032 0.069
5 0.544 0.598 0.092 0.043
2 0.471 0.592 0.058 0.052
7 0.575 0.535 0.293 0.103
7 0.651 0.538 0.105 0.075
1 0.526 0.586 0.093 0.037
0 0.503 0.549 0.062 0.077
5 0.459 0.565 0.054 0.024
5 0.464 0.539 0.058 0.058
5 0.482 0.503 0.035 0.016
5 0.435 0.508 0.069 0.053
0 0.289 0.596 0.392 0.401
7 0.207 0.382 0.05 0.029
4 0.376 0.409 0.071 0.023
2 0.235 0.394 0.052 0.031
2 0.275 0.39 0.042 0.05
7 0.323 0.4 0.095 0.036
0 0.243 0.379 0.039 0.04
0 0.301 0.369 0.172 0.061
0 0.38 0.386 0.047 0.016
5 0.328 0.368 0.055 0.035
0 0.296 0.373 0.037 0.018
