6 0.5 0.473 1.0 0.947
4 0.356 0.886 0.249 0.227
4 0.509 0.251 0.123 0.12
4 0.534 0.209 0.149 0.198
4 0.375 0.325 0.055 0.056
4 0.74 0.366 0.056 0.033
4 0.246 0.391 0.146 0.129
4 0.41 0.285 0.282 0.127
4 0.685 0.276 0.378 0.265
4 0.619 0.455 0.446 0.179
4 0.31 0.365 0.173 0.167
4 0.476 0.367 0.484 0.148
4 0.149 0.493 0.183 0.209
4 0.514 0.715 0.424 0.169
4 0.263 0.479 0.313 0.204
1 0.853 0.516 0.294 0.355
4 0.555 0.538 0.363 0.083
4 0.6 0.688 0.395 0.115
4 0.14 0.605 0.271 0.36
4 0.379 0.795 0.425 0.269
4 0.503 0.617 0.526 0.127
4 0.417 0.462 0.497 0.13
4 0.4 0.741 0.482 0.295
3 0.898 0.509 0.203 0.125
0 0.903 0.232 0.193 0.183
6 0.181 0.747 0.363 0.505
