5 0.477 0.404 0.768 0.699
4 0.712 0.206 0.123 0.101
4 0.589 0.204 0.105 0.097
4 0.472 0.197 0.108 0.101
3 0.609 0.187 0.052 0.031
4 0.354 0.188 0.116 0.109
4 0.236 0.181 0.117 0.111
4 0.714 0.3 0.125 0.088
4 0.59 0.295 0.108 0.092
4 0.472 0.293 0.108 0.089
4 0.355 0.283 0.115 0.1
4 0.237 0.278 0.113 0.101
4 0.713 0.392 0.126 0.079
4 0.59 0.389 0.109 0.08
0 0.72 0.196 0.048 0.038
0 0.717 0.29 0.037 0.039
0 0.598 0.387 0.045 0.026
4 0.473 0.386 0.109 0.08
4 0.358 0.382 0.111 0.082
4 0.236 0.377 0.117 0.084
4 0.713 0.477 0.129 0.079
4 0.589 0.474 0.109 0.08
4 0.473 0.473 0.108 0.079
4 0.356 0.469 0.111 0.082
4 0.237 0.469 0.115 0.082
4 0.711 0.56 0.129 0.082
4 0.589 0.56 0.11 0.084
4 0.472 0.559 0.108 0.083
4 0.353 0.557 0.109 0.084
4 0.233 0.558 0.121 0.085
4 0.712 0.649 0.129 0.089
4 0.592 0.649 0.116 0.089
0 0.605 0.65 0.047 0.022
4 0.473 0.647 0.109 0.087
0 0.481 0.647 0.049 0.022
4 0.357 0.647 0.112 0.086
4 0.236 0.649 0.115 0.091
