1 0.67 0.206 0.07 0.079
1 0.826 0.924 0.348 0.151
1 0.92 0.801 0.16 0.132
1 0.79 0.762 0.419 0.385
7 0.492 0.688 0.582 0.623
2 0.599 0.748 0.352 0.185
0 0.514 0.228 0.288 0.107
2 0.834 0.576 0.197 0.294
7 0.595 0.477 0.81 0.506
2 0.084 0.748 0.168 0.178
0 0.055 0.633 0.111 0.164
2 0.2 0.659 0.227 0.156
0 0.247 0.75 0.23 0.082
1 0.034 0.81 0.069 0.111
5 0.641 0.126 0.061 0.05
2 0.55 0.202 0.203 0.162
0 0.454 0.239 0.1 0.085
0 0.408 0.155 0.031 0.203
0 0.775 0.128 0.227 0.236
0 0.819 0.064 0.312 0.129
7 0.854 0.232 0.292 0.464
7 0.486 0.964 0.098 0.072
