6 0.955 0.772 0.09 0.323
6 0.893 0.811 0.127 0.377
6 0.845 0.81 0.06 0.334
6 0.751 0.826 0.173 0.348
6 0.574 0.807 0.206 0.275
6 0.396 0.865 0.179 0.166
6 0.249 0.772 0.157 0.316
6 0.968 0.486 0.063 0.249
6 0.887 0.502 0.141 0.287
6 0.796 0.514 0.06 0.299
6 0.681 0.525 0.192 0.305
6 0.535 0.576 0.161 0.288
6 0.362 0.638 0.265 0.354
6 0.975 0.188 0.049 0.376
6 0.913 0.21 0.147 0.419
6 0.768 0.194 0.204 0.388
6 0.49 0.238 0.374 0.476
6 0.23 0.259 0.311 0.517
0 0.897 0.527 0.044 0.234
0 0.978 0.753 0.044 0.246
0 0.785 0.515 0.036 0.303
0 0.513 0.921 0.035 0.05
0 0.36 0.871 0.069 0.149
0 0.242 0.677 0.057 0.026
0 0.233 0.661 0.042 0.31
