7 0.028 0.569 0.057 0.285
1 0.789 0.481 0.122 0.14
1 0.818 0.329 0.047 0.169
1 0.801 0.339 0.048 0.161
1 0.739 0.36 0.125 0.164
1 0.688 0.505 0.198 0.228
1 0.58 0.438 0.063 0.054
1 0.67 0.503 0.118 0.136
7 0.624 0.656 0.277 0.435
7 0.124 0.8 0.248 0.399
1 0.342 0.936 0.118 0.057
1 0.381 0.831 0.243 0.178
1 0.344 0.758 0.291 0.108
1 0.499 0.667 0.019 0.159
1 0.326 0.685 0.265 0.082
1 0.435 0.656 0.124 0.14
1 0.525 0.484 0.09 0.069
6 0.697 0.268 0.202 0.218
1 0.666 0.394 0.15 0.147
6 0.659 0.186 0.142 0.197
1 0.542 0.301 0.099 0.243
1 0.437 0.146 0.145 0.211
7 0.407 0.371 0.312 0.271
7 0.326 0.538 0.335 0.364
0 0.384 0.856 0.056 0.108
0 0.766 0.367 0.06 0.05
