1 0.337 0.737 0.216 0.374
1 0.427 0.684 0.176 0.235
1 0.562 0.442 0.286 0.412
1 0.606 0.323 0.215 0.342
1 0.494 0.417 0.015 0.04
1 0.465 0.29 0.06 0.346
1 0.575 0.404 0.131 0.177
1 0.585 0.39 0.181 0.209
1 0.682 0.226 0.048 0.176
1 0.637 0.287 0.018 0.045
1 0.682 0.264 0.074 0.099
1 0.659 0.23 0.077 0.116
1 0.636 0.225 0.04 0.094
1 0.63 0.188 0.042 0.017
1 0.62 0.19 0.042 0.014
1 0.63 0.227 0.074 0.061
1 0.608 0.235 0.04 0.076
1 0.604 0.241 0.035 0.085
1 0.63 0.289 0.014 0.051
1 0.759 0.442 0.158 0.287
1 0.587 0.246 0.019 0.096
1 0.581 0.26 0.032 0.089
1 0.558 0.22 0.035 0.164
1 0.54 0.225 0.017 0.147
1 0.529 0.209 0.025 0.179
