2 0.944 0.265 0.111 0.134
7 0.799 0.201 0.4 0.183
7 0.858 0.749 0.284 0.416
5 0.798 0.958 0.067 0.083
7 0.47 0.848 0.744 0.303
7 0.773 0.523 0.454 0.471
5 0.796 0.514 0.407 0.613
0 0.459 0.237 0.123 0.05
7 0.071 0.188 0.141 0.205
7 0.121 0.471 0.242 0.463
7 0.309 0.302 0.364 0.244
7 0.173 0.771 0.347 0.354
1 0.645 0.327 0.085 0.157
5 0.286 0.442 0.228 0.289
0 0.174 0.59 0.128 0.087
5 0.516 0.466 0.22 0.313
5 0.565 0.551 0.367 0.365
0 0.294 0.792 0.182 0.193
5 0.326 0.565 0.292 0.413
5 0.06 0.857 0.121 0.188
5 0.151 0.85 0.117 0.121
5 0.152 0.812 0.096 0.049
5 0.153 0.777 0.083 0.058
5 0.059 0.783 0.117 0.071
5 0.689 0.627 0.416 0.397
7 0.799 0.784 0.056 0.033
7 0.912 0.875 0.175 0.25
