6 0.597 0.591 0.503 0.233
1 0.968 0.807 0.04 0.056
5 0.923 0.436 0.12 0.062
1 0.913 0.667 0.174 0.107
1 0.944 0.617 0.111 0.118
7 0.848 0.456 0.036 0.03
7 0.931 0.472 0.138 0.107
6 0.477 0.601 0.62 0.244
1 0.852 0.543 0.214 0.161
6 0.547 0.394 0.639 0.223
5 0.771 0.576 0.042 0.03
1 0.496 0.436 0.568 0.287
6 0.494 0.472 0.513 0.3
0 0.991 0.812 0.018 0.19
1 0.21 0.504 0.079 0.058
5 0.849 0.785 0.275 0.19
0 0.658 0.754 0.103 0.065
0 0.96 0.541 0.079 0.039
7 0.832 0.652 0.077 0.119
3 0.693 0.792 0.038 0.045
7 0.921 0.823 0.045 0.038
0 0.581 0.455 0.127 0.302
0 0.352 0.493 0.197 0.254
0 0.959 0.598 0.081 0.076
0 0.985 0.622 0.029 0.062
0 0.888 0.615 0.056 0.03
0 0.691 0.742 0.063 0.035
