1 0.1 0.931 0.2 0.137
1 0.011 0.89 0.022 0.051
1 0.085 0.947 0.17 0.106
1 0.051 0.98 0.087 0.039
1 0.855 0.225 0.171 0.116
5 0.832 0.229 0.071 0.026
1 0.744 0.517 0.367 0.164
1 0.893 0.407 0.213 0.158
1 0.544 0.392 0.068 0.034
1 0.684 0.433 0.284 0.149
1 0.535 0.387 0.107 0.125
1 0.6 0.485 0.119 0.073
1 0.454 0.541 0.173 0.115
1 0.356 0.491 0.416 0.212
1 0.222 0.541 0.082 0.038
1 0.165 0.545 0.134 0.086
1 0.06 0.504 0.12 0.275
1 0.588 0.659 0.391 0.33
2 0.57 0.649 0.083 0.044
0 0.647 0.6 0.065 0.057
0 0.638 0.563 0.101 0.045
0 0.519 0.679 0.038 0.02
1 0.301 0.757 0.602 0.485
1 0.028 0.72 0.057 0.101
1 0.379 0.779 0.119 0.076
0 0.198 0.911 0.048 0.035
1 0.303 0.847 0.19 0.139
1 0.124 0.806 0.248 0.231
1 0.28 0.707 0.204 0.129
1 0.314 0.764 0.197 0.138
1 0.346 0.339 0.306 0.227
1 0.33 0.277 0.247 0.173
0 0.3 0.392 0.053 0.088
1 0.69 0.392 0.316 0.114
1 0.725 0.322 0.326 0.256
1 0.734 0.301 0.258 0.169
1 0.725 0.311 0.227 0.143
6 0.871 0.209 0.06 0.028
1 0.831 0.235 0.065 0.031
0 0.749 0.457 0.033 0.056
0 0.773 0.503 0.097 0.042
